0.026074 -0.001449 -0.002494
-0.034908 -0.050336 0.003823
-0.034924 0.028022 0.005082
0.015982 -0.050906 0.003875
-0.017183 -0.011013 -0.007471
0.034476 0.028727 0.004727
0.035011 -0.027584 0.011992
-0.009341 -0.035514 0.012428
0.009034 -0.024632 -0.007471
-0.034926 -0.022539 0.011907
-0.027783 0.003237 0.012529
0.002030 -0.000416 0.004838
0.034546 -0.041274 -0.007399
-0.022125 -0.034069 -0.007471
-0.002120 -0.044072 -0.007471
-0.034183 0.009910 -0.007471
0.034195 -0.020053 -0.007471
0.034478 0.009801 0.012526
-0.034627 -0.019316 -0.007170
-0.004500 -0.018463 0.004936
0.033295 -0.046564 0.010839
-0.015982 -0.050927 0.003720
0.026719 0.016675 -0.007471
0.009479 -0.035514 0.012479
0.034517 -0.008901 0.012486
-0.026543 -0.037724 0.012529
0.011127 -0.007754 -0.007471
0.000007 -0.048993 0.008553
0.017991 -0.038750 -0.007471
-0.034926 -0.004635 0.000034
-0.006823 -0.028558 -0.007471
0.023074 -0.016202 0.003512
-0.026051 0.022902 -0.006358
-0.022926 -0.021164 0.002529
-0.034926 -0.033012 0.000697
-0.025926 0.018106 0.011923
-0.006536 -0.000456 -0.007413
0.023530 -0.030876 0.003529
-0.026202 -0.011008 0.012205
-0.001471 -0.013297 -0.007471
0.002593 -0.033971 0.000804
0.026074 0.020622 0.011698
-0.031896 -0.043459 -0.007471
0.035074 0.008420 -0.000886
-0.024489 0.000086 -0.006727
0.021162 -0.041653 0.012492
-0.012142 -0.039114 -0.000643
0.028256 -0.050510 -0.000554
0.007983 -0.016049 0.002278
0.021915 -0.023964 -0.007471
