-0.005390 -0.008613 -0.008771
0.008987 0.011091 -0.003414
-0.010599 0.009526 -0.003291
0.011351 -0.008409 -0.002711
-0.000327 0.004168 -0.007921
-0.007090 -0.001104 -0.000018
0.006508 0.001017 -0.000018
0.000901 -0.007662 -0.000566
0.004840 -0.004239 -0.009018
0.008728 0.003656 -0.008190
-0.002984 0.006639 -0.000018
-0.010984 -0.008575 -0.002130
-0.008716 0.002395 -0.007679
-0.005712 0.008828 -0.008472
0.007352 -0.010863 -0.008095
0.003805 0.007264 -0.001018
-0.003166 -0.003241 -0.005184
0.004485 0.008905 -0.007990
0.000772 -0.008749 -0.006907
-0.004763 -0.009701 -0.002511
0.008814 -0.002908 -0.004339
-0.009209 -0.004281 -0.006372
0.009856 0.005267 -0.002523
-0.008457 0.004536 -0.001025
0.005807 -0.010230 -0.002460
-0.003623 0.002240 -0.003664
0.003383 -0.003028 -0.002696
0.004181 0.002406 -0.004985
-0.000328 0.008290 -0.004428
-0.008639 -0.011744 -0.005824
0.011142 0.008275 -0.007329
-0.003725 -0.005150 -0.000018
-0.010715 0.007271 -0.008037
0.010229 -0.006559 -0.007741
-0.005482 0.009630 -0.003343
-0.005916 -0.001562 -0.009018
0.006893 -0.005798 -0.001018
0.000430 0.004151 -0.002164
0.005478 0.000405 -0.009018
-0.001875 -0.005547 -0.009018
-0.004778 0.004313 -0.009018
-0.011054 -0.008284 -0.007613
-0.008105 -0.005360 -0.001018
-0.008490 -0.000369 -0.004192
0.003949 0.004618 -0.009018
0.008640 0.001476 -0.004380
0.001438 -0.004591 -0.006533
-0.008474 0.011276 -0.006460
0.008017 0.010951 -0.007398
0.009165 -0.011461 -0.004467
