-0.004845 -0.013748 -0.000675
0.003402 -0.035236 0.000517
0.007460 -0.000440 0.000060
-0.006846 0.000168 0.000079
0.003803 -0.022908 -0.002804
0.000084 -0.005225 0.006561
-0.004583 -0.028025 0.001756
0.004666 -0.010175 -0.001054
0.002082 -0.017223 0.004061
0.000177 -0.003222 -0.003940
0.003172 -0.027588 0.003655
-0.003502 -0.034143 -0.002974
-0.003630 -0.021254 -0.001776
0.001299 -0.016121 -0.003826
-0.004741 -0.006713 0.001286
0.001895 -0.029656 -0.003558
0.000765 0.000165 0.002160
-0.002405 -0.034125 0.004030
-0.000863 -0.011298 0.004061
-0.001126 -0.009584 -0.003939
-0.001142 -0.022840 0.003933
-0.003980 -0.000448 0.006246
0.005469 -0.005237 0.003457
-0.003014 -0.026642 -0.003737
0.005614 -0.004888 -0.003134
-0.003550 -0.017746 0.003149
-0.005444 -0.003919 -0.003593
0.003697 -0.001092 0.006560
0.004779 -0.015310 -0.000001
0.003775 -0.021859 0.002320
0.003815 0.000163 -0.003328
0.001314 -0.034552 -0.003887
-0.002302 0.000166 -0.001573
0.001938 -0.032179 0.003857
0.004690 -0.027071 -0.000791
0.003681 -0.012010 0.003151
-0.004382 -0.004992 0.005554
-0.003041 -0.017020 -0.003123
0.000196 -0.020468 -0.003938
-0.004799 -0.032314 0.000808
-0.000949 -0.028929 0.003982
0.002226 -0.008036 0.004061
0.004709 -0.031140 0.000606
-0.000861 -0.035234 0.000208
-0.004448 -0.023830 0.001466
0.002661 -0.007766 -0.003939
0.002265 -0.012065 -0.003939
0.004031 -0.018805 -0.002134
-0.004602 -0.009703 -0.001609
-0.007521 -0.003920 0.000005
