0.003707 0.005808 0.011049
-0.005262 -0.007615 -0.036000
-0.005105 -0.007740 0.035998
0.005824 0.008260 -0.016349
-0.005607 -0.008131 -0.004813
0.004822 0.008907 0.030842
0.003403 0.009558 -0.035391
-0.010049 0.000398 -0.020412
-0.005625 -0.008119 0.017885
0.005054 -0.008391 -0.021784
-0.005098 0.008813 -0.003210
0.009798 -0.001425 -0.003082
0.007649 -0.006179 0.026582
-0.007561 0.006785 0.021768
0.008996 -0.004025 -0.035303
-0.009931 0.001714 0.008316
0.005350 -0.008214 0.008685
-0.007927 0.005870 0.035688
-0.008875 0.004909 -0.032980
-0.003298 0.009638 -0.023703
0.009187 0.003991 -0.026738
0.009142 0.004094 0.021230
0.004487 -0.008710 -0.010328
0.009388 -0.000097 0.035938
0.005601 0.008425 0.000289
-0.004796 -0.008617 -0.016446
-0.009540 -0.002965 0.026916
-0.005462 -0.008218 0.006253
-0.010024 0.000914 -0.009355
0.009804 -0.001385 -0.015604
-0.004950 0.008902 -0.013500
-0.003851 -0.005417 -0.026105
-0.001655 -0.009672 0.026831
0.001480 0.010057 0.019741
-0.004104 0.009325 0.006483
0.004590 -0.008519 0.035526
0.003221 -0.009245 -0.000719
0.003811 -0.005371 0.017781
0.009935 0.000086 0.006428
-0.006810 0.000047 -0.000446
0.002605 -0.009440 -0.031373
0.002376 0.006576 -0.008073
-0.010032 -0.000380 0.017063
-0.003633 0.009518 0.029034
-0.004254 0.005561 0.014068
0.009893 -0.000776 0.014634
-0.009568 -0.002886 -0.031135
0.009179 0.004016 -0.034842
0.009012 -0.003991 -0.027160
0.006690 0.001540 0.028495
