0.016248 -0.002363 0.004000
-0.057493 -0.000218 -0.003397
0.057437 0.000676 -0.003402
-0.019946 0.009674 -0.003222
-0.034734 -0.010310 0.003416
-0.007115 -0.010326 0.003377
0.035414 0.009674 -0.003373
0.040132 -0.010317 0.003409
0.000903 0.009643 -0.003431
-0.040512 0.009673 0.003400
-0.020885 -0.006415 -0.004000
0.026848 -0.009725 -0.004000
0.005926 -0.009802 -0.003924
0.020619 0.009647 -0.003427
0.048002 0.009028 0.004000
-0.049297 -0.010035 0.003509
-0.009478 0.003546 0.004000
-0.032468 0.001141 -0.004000
0.029183 0.000555 0.004000
0.002533 -0.000484 0.004000
0.052675 -0.008833 0.003425
0.042371 -0.000580 -0.003968
0.010767 0.008766 0.004000
-0.052439 0.008210 0.003521
-0.043310 -0.003297 -0.003991
-0.024037 0.001528 0.004000
-0.004827 -0.002429 -0.004000
0.009748 0.001356 -0.004000
0.016393 -0.010326 -0.003064
-0.030148 0.009674 0.001680
0.022403 -0.000493 -0.004000
-0.038255 -0.000125 0.004000
-0.046228 0.006246 -0.004000
-0.015272 -0.004644 0.004000
0.038582 0.003895 0.004000
-0.014753 0.001319 -0.004000
-0.008813 0.009077 -0.003996
0.046394 -0.009438 -0.004000
-0.025133 -0.009770 0.003957
0.033120 -0.002567 -0.004000
0.027003 0.009649 0.003425
0.022241 -0.009381 0.004000
-0.030011 -0.007747 -0.004000
0.010503 -0.009539 0.004000
-0.011958 -0.008146 -0.004000
0.031269 -0.008466 0.004000
-0.052488 -0.001536 0.003984
0.049499 0.004930 -0.003953
0.001652 -0.009310 0.004000
-0.053170 -0.007810 -0.003995
