-0.004519 -0.000674 0.009461
0.007367 0.001406 0.001001
0.007366 0.001403 0.014001
-0.000585 -0.007062 0.000587
-0.002942 0.006439 0.000581
0.001896 -0.007256 0.013980
-0.000777 0.007053 0.014404
-0.007341 -0.001371 0.001089
0.005522 -0.005075 0.006437
0.003144 0.006365 0.006727
-0.001902 -0.007254 0.007769
-0.003788 0.006003 0.007541
-0.004436 -0.004789 0.014971
-0.005890 0.002790 0.014982
0.007359 0.001445 0.007506
0.005084 -0.004383 0.000212
0.003306 0.006150 0.000483
0.003620 -0.002230 0.011255
-0.003083 -0.002832 0.004466
0.002792 0.003664 0.011642
-0.007187 0.002141 0.005439
-0.002462 0.000978 0.000038
0.002320 0.001279 0.001796
-0.001060 -0.004250 0.011506
-0.000786 0.004078 0.004245
0.001522 -0.004250 0.003899
-0.007367 -0.001408 0.013210
-0.005058 -0.005536 0.001101
-0.002730 0.003772 0.011584
-0.005406 -0.005197 0.010104
0.002487 -0.007031 0.009372
-0.006276 0.003320 0.001097
-0.000047 0.007099 0.009908
0.004360 -0.000949 0.005122
-0.007154 -0.002248 0.006229
0.000056 -0.002701 0.000000
0.004976 -0.004170 0.015000
0.005873 0.003988 0.004227
-0.007071 0.002473 0.010858
0.007125 -0.002338 0.009089
0.003467 0.002495 0.007818
0.004848 0.004353 0.014984
-0.002607 -0.006701 0.003933
0.007179 -0.002170 0.002682
0.000072 0.003987 0.000000
-0.003647 0.002183 0.006985
-0.004858 0.005672 0.003849
0.000494 -0.004250 0.007622
-0.004656 0.000436 0.003130
0.001283 0.007266 0.003528
