-0.028770 -0.006197 -0.002222
0.070093 0.003192 0.001421
0.019793 0.007487 0.000039
-0.072707 0.003359 0.000972
0.044132 -0.004785 -0.000765
-0.003598 -0.003792 0.006501
-0.049316 0.003972 0.002819
-0.016708 0.007497 0.000059
0.011672 -0.007507 0.000044
0.027991 -0.006642 0.001567
0.004486 0.006057 -0.002440
0.035056 0.007467 0.000107
-0.034815 0.007478 0.000093
0.055388 0.004421 0.001749
-0.060554 -0.003721 -0.001467
-0.014631 -0.006347 -0.001964
-0.042271 -0.007507 0.000064
-0.025743 0.002045 0.006556
-0.006719 0.002339 -0.003944
0.011258 0.002391 0.006556
0.062068 -0.004692 -0.001134
0.001296 -0.005437 -0.003540
0.036470 -0.001472 0.006556
-0.036234 -0.001183 0.006556
0.026704 0.002764 0.006556
0.020002 -0.002340 -0.003944
-0.025765 0.003821 -0.003944
-0.013507 -0.000250 0.006556
0.019169 -0.004050 0.006055
-0.042128 0.001779 -0.003944
0.035023 -0.001832 -0.003944
0.045613 0.004746 0.001000
-0.050874 -0.003779 -0.002955
-0.002447 0.005243 0.003961
0.027412 0.003682 -0.003944
0.052611 -0.002442 -0.003944
-0.062682 0.004524 0.001735
-0.021794 -0.005515 0.003514
0.012929 0.003242 -0.003944
0.005325 -0.004315 0.005596
-0.069508 -0.004555 -0.001555
0.062795 0.003653 -0.003088
-0.055554 0.003195 -0.002740
-0.033956 0.000115 -0.003944
-0.006343 -0.007121 -0.000624
0.050218 -0.001781 0.004056
-0.041319 0.004931 0.004504
-0.018314 0.000639 -0.003944
-0.054778 -0.001844 0.003793
0.068805 -0.002212 -0.003905
