0.018074 -0.009991 0.001566
-0.069734 0.001276 -0.003367
0.069825 0.002646 -0.003364
-0.024238 0.010008 0.003286
0.041003 0.010009 0.003289
-0.043514 -0.009992 -0.003346
-0.008029 -0.009937 -0.003454
0.004281 0.010008 0.003374
0.050409 -0.009992 -0.003326
-0.050430 0.010008 0.003362
0.022605 0.008501 -0.004000
-0.025737 -0.009315 0.004001
0.034947 -0.006343 0.004001
-0.058786 -0.009379 0.004001
-0.009909 0.006352 -0.004000
0.057116 0.009353 0.004000
-0.037346 0.004670 -0.004000
0.005576 -0.003215 -0.003999
0.063522 -0.008879 0.003887
-0.052796 -0.000731 -0.003782
0.049097 0.002940 -0.004000
0.014601 0.002231 0.004001
-0.021154 -0.000225 -0.003999
-0.062964 0.009125 0.003738
-0.003681 -0.000948 0.004001
0.033721 0.003056 -0.004000
-0.036370 -0.003978 0.004001
0.025934 0.000756 0.004001
-0.014933 -0.005113 0.004001
0.027732 -0.009311 -0.003999
0.055253 -0.001550 0.004001
0.011972 0.009389 -0.004000
0.001898 -0.009991 0.003343
0.044731 -0.002335 0.004001
-0.045836 0.000572 0.004001
-0.032466 -0.009418 -0.003973
0.030625 0.010009 0.003068
0.019784 -0.001538 -0.003999
-0.065191 -0.007890 -0.003830
0.040356 -0.009438 -0.003952
-0.015660 0.004833 0.004000
-0.027183 0.000546 0.004001
-0.000044 0.004975 -0.004000
-0.056840 0.008435 -0.003985
-0.019206 -0.009921 -0.003470
-0.040628 0.009413 0.003995
0.059111 -0.005398 -0.003999
0.062639 0.009148 -0.003931
-0.005369 0.009483 0.003925
-0.049320 -0.008285 0.004001
