0.017963 0.045739 0.006950
-0.025635 0.000464 -0.003045
0.025114 0.000004 -0.002519
-0.025193 0.045671 -0.006996
-0.000223 0.018363 0.007486
-0.007610 0.043286 0.012399
-0.024836 0.023957 0.005279
0.025678 0.024647 -0.003303
0.001884 0.039805 -0.007594
-0.008441 0.000040 0.007426
0.009884 0.002909 0.007536
-0.025766 0.041482 0.010824
-0.013659 0.013326 -0.003112
0.012989 0.029308 0.007438
-0.013522 0.033746 -0.003050
0.025156 0.041005 -0.007579
0.012543 0.015501 -0.002067
0.025197 0.012594 0.005292
-0.000974 0.032667 0.005091
-0.022733 0.009832 0.007530
0.025503 0.034636 0.012043
0.004078 0.045732 0.004923
-0.008026 0.045710 -0.000882
-0.011743 0.025078 0.007468
0.013270 0.045695 -0.005209
-0.025706 0.034947 -0.000597
-0.025774 0.015152 -0.003194
0.016166 0.034004 -0.003331
-0.013765 0.001389 -0.003175
-0.016057 0.034928 0.012434
0.014203 0.004016 -0.003221
0.009985 0.039274 0.012403
-0.009571 0.011640 0.007516
-0.018978 0.045723 0.002646
0.021025 0.002517 0.007531
-0.017890 0.023539 -0.003273
-0.000049 0.006786 0.005185
-0.018947 0.000036 0.006199
0.022917 0.025738 0.006842
0.025730 0.039877 0.002891
0.008991 0.013495 0.007498
-0.015298 0.042780 -0.007595
0.008084 0.036720 0.002320
0.007537 0.022425 0.002920
-0.017049 0.045434 0.012120
0.020965 0.010904 -0.003250
-0.017133 0.017359 0.005299
0.016059 0.024376 -0.003296
0.000542 0.038426 0.012412
0.017670 0.018115 0.005276
