-0.005264 -0.005997 -0.000000
0.061739 0.043809 0.019462
0.061740 -0.042929 0.021280
-0.062198 0.043675 0.019905
-0.062215 -0.042999 0.021176
0.011446 0.045000 0.000675
0.045127 0.000040 -0.000000
-0.053679 0.000003 0.000000
0.020070 -0.045000 0.000657
-0.024077 -0.045000 0.000781
-0.027769 0.032496 0.000000
0.061312 0.011670 0.026045
0.040119 0.031402 -0.000000
-0.061698 0.013626 0.026145
0.014907 0.015559 0.006000
-0.054298 -0.014905 0.025654
0.044917 -0.029322 0.000038
-0.031189 -0.017446 0.006000
0.053756 -0.015852 0.025440
0.020983 -0.011894 0.005407
-0.056073 -0.027079 0.000000
-0.054350 0.027109 0.000000
-0.001983 -0.031622 0.006000
-0.029419 0.007863 0.005987
0.061756 0.018767 0.001710
-0.008391 0.018133 0.000000
0.061756 -0.014756 0.004150
-0.010096 0.044493 0.005907
-0.045165 -0.044979 0.005421
0.060196 -0.044296 -0.000000
-0.044105 0.045000 0.005237
0.055795 0.044417 0.000017
0.034051 0.014436 0.006000
0.053825 0.026709 0.017233
-0.062244 0.044106 0.000635
0.027604 -0.028976 0.006000
0.028985 0.044675 0.005725
0.061156 0.002669 0.010191
0.037532 -0.044962 0.005438
-0.062244 -0.012782 0.009522
-0.054244 0.027722 0.017888
0.003802 0.029817 0.006000
-0.062244 0.013255 0.008363
-0.062244 -0.043857 0.000658
-0.018356 -0.028120 -0.000000
0.038017 -0.014572 0.006000
0.021717 0.030165 0.000000
0.053756 -0.029195 0.014723
-0.045391 0.013727 0.006000
0.010548 0.000376 -0.000000
