-0.013427 0.003041 0.001157
0.014518 -0.004026 0.006428
0.003836 0.014385 0.006369
-0.001903 -0.013695 -0.000848
0.002341 0.001185 -0.001568
-0.010271 -0.008108 0.008394
0.013022 0.007383 0.001142
0.002345 -0.006392 0.008432
-0.005184 0.011762 -0.001568
-0.003713 0.004847 0.008432
0.008766 -0.009756 -0.001566
0.006738 0.003162 0.008432
-0.006248 -0.004345 -0.000305
-0.009506 0.011450 0.006368
0.005305 -0.014167 0.005327
0.012102 -0.001001 -0.001517
-0.003122 -0.013281 0.007872
0.005244 0.010586 -0.001451
-0.010606 0.000222 0.008432
-0.014123 -0.005072 0.001720
-0.005476 0.003649 -0.001353
0.001517 -0.006641 -0.001349
-0.003127 -0.002125 0.005979
0.009327 -0.008833 0.008432
0.009547 0.009818 0.007140
-0.007985 -0.010986 0.002122
-0.002623 0.011981 0.008432
0.013565 0.002978 0.006652
0.003621 -0.001212 0.004497
-0.000383 0.007546 -0.000192
0.002768 0.008316 0.008432
-0.013005 0.006049 0.006911
-0.010305 0.008623 0.000665
0.007969 0.003518 0.000378
-0.000316 0.013402 0.001886
0.008804 -0.002671 0.008432
0.006990 -0.004059 0.000058
0.004085 -0.013382 -0.000525
-0.004256 -0.007465 0.008432
0.000279 0.003627 0.004142
0.012343 -0.006164 0.001377
-0.010504 -0.007694 -0.001568
0.009484 0.011525 0.001909
-0.013759 -0.004043 0.007090
0.010555 -0.010816 0.003521
-0.011340 -0.001408 -0.001147
-0.001274 -0.002614 0.000943
0.000164 -0.015122 0.004024
-0.003178 -0.008647 0.000429
0.014830 0.002349 0.001541
0.001885 -0.011635 0.008432
-0.005135 0.012381 0.003609
-0.014933 0.000817 0.005609
-0.008265 0.007006 0.008432
-0.007679 -0.003825 0.008432
0.003980 0.005739 -0.001018
0.009111 0.007835 -0.001508
-0.007403 -0.011526 0.006809
-0.003469 0.001214 0.002597
-0.004140 -0.013425 0.003288
-0.011324 -0.008205 0.003835
0.002048 0.003124 0.008432
-0.005989 0.000768 0.008432
0.004052 0.014293 0.000932
0.013026 0.007377 0.005672
0.012012 0.003951 -0.001568
-0.004822 0.007724 0.000430
0.013451 -0.001780 0.002707
-0.004327 -0.000587 -0.001568
-0.009153 0.002060 0.000417
-0.005707 -0.011662 -0.001568
0.004802 -0.009130 0.000185
0.010156 0.005771 0.008432
-0.001280 0.003253 -0.000568
0.004485 -0.002666 0.008432
0.006436 -0.000024 -0.001483
0.002946 -0.002475 0.000475
0.012658 -0.000750 0.008432
0.000775 -0.010559 0.000019
0.000254 -0.002666 0.008432
0.005837 0.011304 0.008432
0.011655 -0.007008 0.005455
0.006067 -0.011447 0.008432
-0.011181 0.005238 -0.001566
-0.008402 0.012278 0.001011
-0.002189 0.014710 0.005359
-0.013255 0.006827 0.002888
0.001367 0.011874 -0.001509
0.007051 -0.012338 0.002104
-0.001313 0.008144 0.008432
-0.013552 -0.000881 0.002198
0.005922 0.012074 0.003790
0.006332 -0.006207 0.008432
0.001358 0.012080 0.008432
-0.006278 0.010414 0.008432
0.006578 0.007399 0.008432
-0.002536 -0.005346 -0.001568
0.003194 0.001907 0.002175
-0.000662 -0.008762 0.008432
-0.006973 -0.008065 -0.000082
