0.024125 -0.003307 -0.013619
-0.029134 0.001689 0.005865
-0.012152 -0.001920 -0.029987
0.016019 0.001684 0.015288
-0.003828 0.000721 -0.002503
0.009828 0.001693 -0.029938
-0.030057 0.001679 -0.023964
0.032186 0.001689 -0.029442
0.028845 0.001676 0.002792
-0.009613 0.006988 0.012687
0.012769 -0.001321 -0.001008
-0.018207 0.001642 -0.006522
-0.016260 -0.003307 0.006285
-0.001461 0.001604 -0.022514
0.020931 -0.003094 -0.026301
0.004730 0.001691 0.008221
-0.019256 0.001632 -0.022514
0.032310 0.001692 -0.018632
0.024961 -0.003116 0.011650
0.014904 0.001693 -0.011139
-0.005031 -0.000842 0.008283
0.029858 0.001693 -0.007144
0.022293 -0.003307 -0.002539
0.019322 0.001893 0.005464
-0.006905 0.013015 0.005822
-0.023784 -0.002666 -0.029701
-0.011898 0.004619 0.003944
0.012386 -0.003307 0.008428
-0.021944 0.001681 0.011453
-0.023044 -0.002052 0.000230
0.001971 -0.002763 -0.029625
0.018975 0.001693 -0.019043
0.004090 -0.002124 0.000314
-0.010061 0.001690 -0.022514
-0.001846 0.006993 0.009137
0.006624 -0.000290 -0.022518
-0.009500 -0.003307 0.001751
-0.004833 0.001693 -0.029969
0.028752 -0.003307 -0.024030
-0.029526 0.001693 -0.001939
0.013473 -0.002669 -0.024876
-0.011858 0.000125 0.011082
0.024975 0.001693 -0.029991
0.017022 0.001693 -0.029984
-0.012324 0.001652 -0.002514
0.024086 -0.003307 0.004527
-0.018223 0.001693 -0.029547
-0.024339 -0.003307 0.007118
0.017901 0.001693 -0.004767
0.029182 -0.003061 -0.002192
0.025685 0.001693 -0.020490
-0.017612 0.001693 0.001708
0.019005 -0.003307 -0.009175
-0.005159 0.004363 0.003913
0.010292 0.001693 0.004456
0.030563 -0.001539 -0.013015
0.018308 -0.003307 0.011530
-0.002005 -0.002971 0.002621
0.034816 -0.000933 -0.024098
-0.005808 -0.002636 -0.024843
-0.030114 -0.002319 -0.028950
-0.029090 -0.003307 0.001950
0.017966 -0.003307 0.002094
0.026081 -0.003307 -0.007651
0.022241 0.001693 0.014591
-0.014643 -0.002120 -0.024327
0.025212 0.001693 0.007858
0.020944 0.001693 -0.012092
0.011186 0.001693 0.011612
0.023120 0.001693 0.000768
0.022506 -0.003307 -0.019424
-0.024535 -0.000814 -0.024021
0.007761 0.001671 -0.002503
0.007650 -0.003307 -0.027545
-0.004997 0.003262 0.012581
-0.022576 0.001892 0.004947
0.028255 -0.003307 -0.018142
0.024716 0.001670 -0.004701
0.002826 0.001693 -0.026232
0.028641 -0.002717 -0.029665
-0.016903 0.001693 0.008853
0.017007 0.001693 -0.024318
0.026387 0.001693 -0.014906
-0.008926 0.008037 0.007213
0.000984 0.001687 0.002874
-0.019602 -0.003247 0.010676
0.013318 -0.002818 0.013816
-0.019752 -0.002820 -0.026027
0.001484 0.001688 -0.002503
-0.014841 -0.002897 0.001075
0.008939 -0.003138 0.002428
0.016277 0.001693 0.009879
-0.026624 0.001693 -0.028334
0.017005 0.001693 0.000501
0.022910 0.001693 -0.025051
0.012624 0.001631 -0.005490
0.028258 0.001693 -0.025785
0.011589 0.001693 -0.022565
-0.013112 0.005397 0.009031
0.017072 -0.003307 -0.003353
