-0.018301 0.009884 -0.001083
-0.034954 -0.068258 0.002344
0.023596 -0.029313 0.006126
0.035468 0.023789 -0.006241
-0.049378 0.037946 -0.003673
-0.017872 -0.030815 0.006131
-0.052348 -0.003874 -0.003884
0.012804 -0.000715 -0.007464
0.004655 0.033452 0.000285
-0.029273 -0.011732 -0.003884
0.002389 -0.017553 0.006416
0.017041 0.015508 0.008985
-0.034971 -0.045315 0.001225
-0.043978 0.016492 0.000816
0.032824 0.003173 0.000409
0.000214 0.015180 -0.007464
-0.010307 -0.007435 -0.003884
0.025897 -0.013681 -0.003884
-0.012664 0.027441 -0.002376
0.022981 0.035578 0.000573
0.016755 0.021370 -0.007464
-0.033729 0.004320 -0.003884
-0.019938 -0.046740 0.006131
0.000382 0.002340 0.000816
-0.026904 -0.019073 0.009091
0.012916 -0.021021 -0.003541
-0.017347 -0.020190 -0.003884
-0.029511 0.017902 -0.003836
-0.030636 -0.031983 0.001136
-0.026124 -0.057871 0.001131
-0.024820 0.016486 0.008908
0.027387 0.012900 -0.007464
0.003857 -0.009595 -0.003884
-0.052471 0.025253 -0.003862
-0.021413 -0.002524 0.000816
-0.010404 -0.016471 0.006288
-0.040672 -0.005193 0.000737
0.019205 -0.016529 0.006416
-0.004190 -0.020580 -0.003833
-0.008570 0.005236 -0.007455
-0.052402 0.008600 -0.003884
0.022005 -0.002809 0.000550
0.014119 0.033306 -0.007464
0.011340 0.010904 -0.004464
0.036720 0.014359 0.000771
-0.001879 0.023607 0.000561
-0.018762 0.019280 -0.007464
-0.004231 -0.026287 0.005563
0.015568 -0.010497 -0.003884
-0.043323 0.005392 0.000816
-0.043980 0.029800 0.000816
0.027041 0.030066 -0.007436
-0.031481 -0.021261 -0.000105
-0.022563 -0.038252 0.001131
0.026809 0.001231 -0.007464
-0.008784 0.019732 -0.007398
0.002410 0.027603 -0.007457
0.027593 -0.020594 0.003015
-0.012215 0.001145 0.000816
-0.030944 -0.003582 0.000816
0.031877 0.029251 0.000753
0.008529 -0.002724 0.000816
-0.034971 -0.054717 0.002494
-0.027638 0.009816 0.000816
0.011034 -0.021271 0.005706
0.019512 0.007204 -0.007464
0.007973 0.019861 -0.004464
-0.003754 -0.012343 0.000812
-0.018376 -0.021442 0.006131
0.035631 0.008668 -0.006649
0.003709 0.000140 -0.007385
-0.021738 -0.013698 0.000816
0.017558 0.016006 -0.000076
-0.028531 -0.049509 0.006131
-0.030012 -0.039448 0.006131
-0.037327 0.012555 -0.003839
0.004432 -0.018450 -0.003884
-0.021897 0.018629 0.000799
-0.024067 -0.026056 0.001131
0.013046 0.036288 0.000779
-0.012092 -0.025679 0.001636
-0.052471 0.016872 -0.001184
0.021557 -0.021196 -0.003257
-0.013243 0.012447 -0.007464
-0.025199 0.003325 -0.003884
0.009429 -0.013670 0.000816
-0.003036 -0.003518 -0.003884
-0.029306 -0.063621 0.006131
-0.044290 0.023146 -0.003884
-0.000597 0.007049 -0.007464
-0.052449 0.031917 0.000816
0.020269 -0.003889 -0.007308
-0.010698 -0.015522 -0.003884
0.024156 0.019774 -0.004665
0.017653 -0.024851 0.002826
-0.044007 0.041934 0.000816
-0.005514 0.027082 -0.006119
0.019517 0.028246 -0.004464
-0.050763 0.002345 0.000816
0.028402 -0.006220 -0.002696
