-0.000837 -0.000680 -0.004618
-0.000861 -0.005668 0.010130
0.000575 0.011554 0.003156
0.009196 -0.000680 0.003639
-0.009598 -0.005644 0.001909
0.006696 -0.005677 -0.007403
0.000493 0.002471 0.003821
0.002404 -0.005680 0.001659
-0.006656 -0.000680 0.007541
-0.002918 0.006706 -0.002215
-0.008712 -0.000680 -0.004128
-0.005047 -0.005680 -0.008551
0.005909 -0.000680 -0.002556
0.004235 -0.001149 0.008536
0.003723 0.006653 -0.000531
-0.003676 -0.005680 -0.001191
0.001002 -0.003903 -0.009891
0.009734 -0.005680 -0.001829
-0.004182 -0.005680 0.004951
-0.006057 -0.000680 0.001438
0.001987 -0.005680 -0.004095
0.001472 0.011441 -0.002376
0.007077 -0.005677 0.004642
-0.001195 -0.000680 0.007947
-0.002221 0.007006 0.003099
-0.001044 -0.001839 0.001483
0.004234 -0.000680 0.002294
-0.008450 -0.005680 -0.003090
-0.003211 0.011425 -0.000276
-0.004953 -0.000680 -0.007613
0.006416 -0.000680 -0.007527
0.002538 -0.005680 0.006564
0.002294 0.002629 -0.002884
-0.003353 0.001985 -0.001516
0.006610 -0.003962 0.000666
-0.002213 -0.005680 -0.005273
0.002020 0.007546 0.003278
-0.005121 -0.002900 -0.004027
0.002232 -0.000680 -0.007525
0.009843 -0.001614 -0.002085
-0.003465 -0.000680 0.004567
0.005865 -0.005646 -0.002985
0.003694 0.010452 0.000849
0.003564 0.003133 0.001352
-0.009783 -0.001706 0.002342
-0.003052 0.003212 0.002234
-0.001520 -0.005680 0.002071
0.001995 -0.000680 0.005432
-0.006607 -0.004523 0.007669
0.001239 -0.003359 -0.001160
0.000681 0.007791 -0.002398
-0.006811 -0.004040 -0.000027
0.001568 0.000320 -0.000073
0.005080 -0.002660 0.005304
0.005276 -0.004605 0.008643
0.003731 -0.003819 -0.006617
-0.001017 -0.005680 0.006570
0.002680 -0.000680 -0.004021
-0.000989 -0.003042 -0.007188
-0.006962 -0.003430 0.003374
-0.000779 0.004041 -0.002398
0.000776 -0.003387 0.008296
-0.002553 0.010335 0.002818
0.006447 -0.002893 -0.004962
-0.003753 -0.003011 0.006896
-0.006323 -0.000680 -0.001847
-0.003698 0.008308 0.000506
0.000894 -0.005680 -0.007162
-0.000680 -0.005680 -0.002316
-0.004758 -0.005680 0.001804
0.007692 -0.000726 0.000058
0.008835 -0.003712 0.002950
-0.001788 0.009671 -0.002398
0.003296 -0.005680 -0.001300
-0.000157 0.011820 0.000195
-0.000779 -0.001035 -0.001447
-0.005235 -0.005545 -0.005523
-0.003365 -0.000680 -0.002949
0.000681 -0.005680 0.004105
0.004164 -0.005680 0.004042
-0.003713 0.005359 0.000292
-0.008415 -0.002883 -0.002215
-0.003327 0.000332 0.001768
0.000087 0.005375 0.003850
0.003260 0.009221 -0.001799
-0.000600 -0.000680 0.004116
-0.003699 -0.003210 -0.008104
-0.000374 -0.000680 -0.008634
-0.001657 -0.003897 -0.000354
-0.006229 -0.001097 0.004808
-0.000322 0.008998 0.003834
0.002103 0.005372 -0.002398
0.006457 -0.000680 0.003948
0.004105 -0.000680 -0.000478
0.008156 -0.003772 -0.003000
-0.000942 -0.002330 0.010105
-0.000172 0.001742 -0.003641
-0.002370 -0.000680 -0.006819
-0.005784 -0.005680 -0.002890
0.005042 -0.000680 -0.005272
