-0.042768 0.001705 -0.009980
0.106654 -0.003272 0.013305
-0.083178 -0.003151 0.066870
0.034214 0.001705 -0.012385
-0.100678 -0.002932 0.008464
-0.092177 -0.002659 -0.043407
-0.003461 -0.003295 0.014823
0.065197 -0.003295 0.014777
0.084958 0.001490 -0.013901
-0.066540 -0.002962 0.014879
-0.100678 0.001539 0.040299
-0.078821 0.001443 -0.013901
-0.012276 0.001545 -0.013884
0.025592 -0.003059 0.014879
-0.031328 -0.003211 0.014879
0.059632 -0.003295 -0.010665
0.010773 -0.003295 -0.005691
-0.100667 -0.003253 -0.018331
0.085725 0.000205 0.007987
0.045403 0.000205 0.006270
-0.087514 -0.003100 0.024699
-0.061536 -0.003295 -0.004785
-0.083178 -0.003195 0.047415
0.101104 -0.003035 -0.004921
-0.048771 0.000970 0.008644
-0.082291 0.000205 0.004765
-0.026420 -0.003295 -0.003050
-0.083678 -0.003262 -0.029064
0.073835 -0.003295 -0.002608
0.011179 0.001120 0.009572
-0.004432 -0.003295 -0.000953
-0.094207 0.001705 -0.005124
0.025526 -0.003295 -0.000562
-0.017452 0.000205 0.009056
-0.100644 0.001705 0.022159
0.058901 0.000205 0.002809
0.046135 -0.003295 -0.007157
-0.091766 0.001678 0.057074
-0.038784 -0.003295 0.001405
0.019640 0.001695 -0.013639
-0.088230 0.001705 0.036705
0.000021 0.001665 -0.011494
-0.054557 0.001646 -0.013846
0.072256 0.001544 -0.013887
-0.073947 -0.003295 -0.003606
0.088884 -0.003295 -0.003331
-0.090607 0.001705 0.013870
0.053974 0.001432 0.014879
-0.089646 0.001705 -0.019711
0.036746 0.001705 0.014830
0.095719 0.001694 0.014879
-0.028117 0.001681 -0.013887
0.076067 0.001705 0.014843
-0.050054 -0.003295 -0.002216
-0.015818 0.001414 -0.002826
-0.078036 -0.003258 0.014879
0.036663 0.000205 -0.001173
-0.059883 0.000205 0.006228
0.096305 0.001592 -0.013901
-0.096581 -0.003295 0.031130
-0.094198 -0.003295 0.047648
-0.084609 -0.003295 -0.005983
-0.065367 0.001667 -0.013533
0.100453 0.000205 0.005293
-0.071697 0.000205 0.006125
-0.040533 0.001540 0.014879
0.070211 0.000205 0.006439
-0.091795 -0.003295 0.003462
0.001424 0.000205 0.006625
-0.055789 -0.003219 0.014879
0.032186 -0.003295 0.007205
-0.027186 0.000125 0.006377
-0.085674 0.001705 -0.037383
0.016249 -0.003295 0.002446
-0.034506 -0.003295 -0.008506
-0.083178 -0.003262 0.057162
-0.020003 -0.003295 -0.010323
0.051205 0.001609 -0.013796
-0.008101 0.000163 0.007080
0.009205 0.001705 -0.013467
0.026752 -0.003295 -0.009887
0.044797 -0.003295 0.014874
0.065243 0.000205 -0.004000
-0.092178 -0.003209 -0.032942
0.003210 0.001590 -0.002826
0.081194 0.001705 -0.000127
-0.100678 -0.003247 -0.000798
-0.093240 -0.003295 -0.012776
0.018624 0.001705 -0.004647
0.005488 -0.003221 0.014879
0.051066 -0.003295 0.000243
-0.023976 0.001704 0.014879
0.016771 -0.003192 0.014879
0.078546 -0.003295 -0.010035
0.023017 0.000205 0.007142
-0.100660 0.001705 -0.011045
-0.006805 -0.003295 -0.009308
0.078062 -0.003295 0.006167
-0.012097 -0.003295 0.014778
0.092678 -0.003295 0.004353
