0.001953 0.000026 0.006132
-0.005587 -0.004966 -0.017874
-0.018689 -0.004909 -0.000079
0.015291 -0.004955 -0.010757
0.017836 -0.004963 0.005975
-0.011151 -0.004968 0.015102
-0.003417 0.005497 -0.005483
0.005672 -0.004892 0.017936
0.003763 -0.004974 -0.005410
-0.015035 0.000026 -0.011121
0.005994 0.000019 -0.017777
-0.006841 -0.004974 -0.000131
0.012449 0.000026 -0.001732
-0.012732 0.000026 0.006455
-0.002516 0.000002 0.015019
0.010710 0.000026 0.010849
0.004826 0.005526 -0.001001
-0.000890 0.000026 -0.012086
-0.005368 -0.004974 0.008456
-0.008343 -0.004968 -0.009919
0.008704 0.000026 -0.009922
-0.012766 0.000026 -0.003160
0.007563 -0.004974 0.002667
-0.003025 0.005526 0.002944
-0.000923 -0.000418 -0.001443
0.005264 -0.004974 0.010498
0.004310 -0.004974 -0.012807
0.017361 -0.004864 -0.000990
-0.016207 -0.004974 -0.006519
-0.009144 0.000026 -0.014701
0.017913 0.000002 -0.005640
0.010586 -0.004974 -0.005852
-0.002955 -0.004974 -0.005927
-0.008498 0.000026 0.011596
0.013586 0.000026 0.004788
-0.006429 0.000026 0.004285
-0.001227 -0.004974 0.003294
0.010388 -0.003843 -0.014903
-0.015001 -0.004974 0.009879
0.000759 -0.003760 -0.018096
-0.012754 -0.004966 0.002403
0.003869 0.000026 0.014247
-0.006861 0.000026 -0.005516
0.002964 0.001910 -0.005781
0.010983 -0.004974 0.014594
-0.005390 -0.004968 0.017524
0.011404 -0.004974 0.007450
0.000626 -0.004974 0.014209
0.003738 0.005526 0.004839
0.004937 0.000026 0.001071
-0.016126 0.000026 0.001674
-0.002766 0.000026 0.009331
-0.010393 -0.004974 -0.004580
0.007673 0.000026 0.006052
-0.003403 -0.004974 -0.012583
0.015115 -0.003254 0.011197
-0.017595 -0.003978 0.005175
-0.005642 0.002272 -0.000594
-0.003859 0.000026 -0.016629
0.012958 -0.004974 0.002166
0.007856 0.000026 -0.004548
0.002927 -0.004974 -0.000111
0.017534 -0.000004 0.001198
0.013994 0.000026 -0.009291
-0.010892 -0.004973 -0.015191
-0.017742 0.000026 -0.005870
-0.001779 0.000026 -0.006897
-0.000125 -0.002650 0.018790
-0.010089 0.000026 -0.009544
0.003361 -0.004974 0.005701
-0.010426 -0.004478 0.007597
-0.015264 0.000022 0.010907
-0.014047 -0.004974 -0.011163
-0.000172 0.004585 -0.001711
0.017027 -0.004974 -0.006013
0.004239 0.000023 -0.012240
-0.009886 -0.001067 0.000826
0.006116 -0.004974 -0.017496
0.000689 -0.004974 -0.009370
0.008678 -0.004974 -0.010420
0.007417 -0.004974 -0.002215
-0.006892 -0.004974 0.012981
-0.000690 -0.004042 0.008011
-0.005554 -0.000812 -0.011712
-0.014410 -0.004974 -0.002095
-0.002123 -0.004974 -0.001310
0.004852 0.000026 0.009736
0.008201 -0.001390 0.014359
-0.007135 -0.004573 0.004339
0.001553 0.000026 -0.015827
-0.005923 -0.000549 0.017828
-0.002541 0.001107 0.002400
-0.011148 -0.000450 0.015121
0.017832 -0.000458 0.005968
0.013142 -0.004974 -0.002263
-0.013427 -0.001636 -0.007219
0.003236 -0.001588 -0.008349
0.009091 -0.001593 0.000452
0.008578 -0.000001 -0.014249
-0.002991 -0.003414 0.012614
