-0.004809 -0.005367 -0.004785
0.002146 0.011636 0.002181
0.005208 -0.003651 0.008735
0.006736 -0.000694 -0.007245
-0.006679 -0.000680 0.006674
-0.003330 0.004058 -0.001560
0.003257 -0.005680 -0.000143
0.003040 0.001742 0.002337
0.001231 -0.005669 -0.009678
-0.009250 -0.005671 0.001458
-0.001281 -0.005680 0.005755
0.008732 -0.002359 0.002790
0.000223 -0.000680 -0.005027
0.002893 0.006640 -0.002295
-0.002834 0.010731 -0.002226
-0.000855 -0.000680 0.010129
-0.009196 -0.000680 -0.003575
0.009126 -0.005664 -0.002638
-0.000971 0.006433 0.003713
-0.001602 -0.001963 0.000729
-0.005081 -0.000684 -0.008550
0.005960 -0.000680 -0.001726
-0.006802 -0.000680 0.001287
0.004494 -0.005680 -0.005402
-0.006039 -0.005680 0.007724
0.000932 -0.000723 -0.009916
-0.000091 -0.000680 0.005258
-0.004306 -0.000680 -0.003153
0.005464 -0.005680 0.004208
-0.000077 -0.005680 -0.003758
-0.004431 -0.005680 0.002064
-0.002604 0.010870 0.002618
-0.002710 0.002176 0.002659
0.001771 0.011142 -0.002398
-0.009214 -0.005673 -0.003635
0.003168 0.007207 0.002152
0.002637 0.002182 -0.002592
0.005148 -0.000680 0.005427
-0.000860 -0.005139 0.010130
-0.003710 0.007654 0.000353
-0.000316 -0.005655 0.001816
0.009844 -0.001722 -0.002111
-0.002258 -0.003164 -0.007004
-0.006492 -0.004003 -0.000944
0.002506 -0.005680 0.006763
-0.000990 0.007114 -0.002398
-0.003289 -0.002472 0.006440
0.006875 -0.004527 0.000240
0.002354 -0.003016 -0.007144
-0.005020 -0.005667 -0.008555
