-0.011575 -0.004974 -0.009811
0.015120 0.000016 0.011169
-0.011142 -0.000001 0.015119
0.011187 0.000021 -0.015076
0.000261 0.005506 0.001760
0.009840 -0.004974 -0.001439
0.002265 -0.004974 0.015045
-0.015982 -0.004942 0.003221
-0.000821 -0.004974 -0.017529
-0.004255 -0.004974 0.005030
-0.000683 -0.004974 -0.006054
0.018803 -0.000005 0.000192
0.006090 0.000026 0.007401
-0.009192 0.000026 -0.001747
-0.017438 0.000000 -0.005332
0.014667 -0.004974 -0.008788
0.003255 0.000026 -0.011835
-0.005256 0.000026 -0.012355
-0.003551 0.000026 0.011657
-0.003435 0.004499 -0.005478
-0.010920 0.000026 0.007056
0.010277 -0.004974 0.015115
0.014661 -0.004974 0.004922
-0.005460 -0.004947 0.017566
0.002475 -0.004974 0.001115
0.003406 0.001270 -0.003951
-0.015253 -0.004967 0.010931
0.009647 -0.000015 -0.007299
0.006338 -0.004974 -0.016858
-0.008322 -0.004974 0.011142
-0.013505 -0.004974 -0.003042
0.005674 0.000022 0.017935
0.001724 -0.004958 0.008044
-0.006317 0.005526 0.000603
-0.000902 0.000026 0.017879
-0.010883 -0.001474 -0.015263
0.006464 0.005483 -0.000097
-0.003212 0.001415 0.005352
-0.005087 -0.004974 -0.001363
0.007491 -0.004962 -0.010613
0.009661 -0.004974 0.008815
0.017204 0.000026 -0.005906
-0.001653 0.000078 -0.000455
-0.015043 0.000006 -0.010992
0.012893 0.000009 0.001867
0.015894 -0.004974 -0.001707
-0.014885 0.000026 0.000054
0.005158 -0.004974 -0.005093
-0.005257 -0.001231 -0.005979
-0.002167 -0.004974 -0.011765
