0.015122 0.001350 -0.011736
-0.030086 -0.001941 -0.029290
-0.020047 0.001687 0.011424
0.019775 -0.002430 0.015455
-0.003674 -0.002053 -0.029969
0.033558 -0.001986 -0.028388
-0.000698 -0.003003 0.002591
0.029863 0.001464 0.000024
0.014942 -0.002043 -0.029972
-0.018206 0.001056 -0.006520
-0.006624 0.013171 0.007899
-0.016678 0.001671 -0.022514
0.029147 -0.003307 -0.014128
-0.030063 -0.002686 0.001484
0.013316 0.001693 0.002871
-0.007139 0.001170 0.013089
0.005621 0.001693 -0.022548
-0.012785 -0.002834 0.003249
0.023731 0.001693 -0.023209
0.020833 -0.003256 -0.002543
0.022636 0.001693 0.006855
0.005484 0.001446 0.008769
-0.013359 0.006406 0.006172
-0.021786 0.001693 0.002202
0.005654 0.001640 -0.002503
-0.020783 -0.002714 -0.029668
-0.006957 0.001693 -0.002459
-0.001899 0.005882 0.004788
-0.007506 0.001693 -0.022553
-0.025591 0.001693 -0.022537
0.032959 0.001693 -0.020364
-0.012291 -0.000059 -0.029999
0.012769 -0.003307 0.010191
0.025828 0.001693 -0.007751
0.020927 -0.002921 -0.016524
0.004742 -0.002564 -0.029772
0.014031 0.001693 -0.022516
-0.026627 -0.002986 0.009126
0.025640 -0.002517 -0.029797
0.013773 -0.000761 -0.004446
-0.006761 0.000491 0.005745
0.007886 -0.003087 0.002498
0.018259 -0.003307 0.004205
0.028808 -0.003307 -0.023191
-0.019099 -0.003307 0.006490
-0.000683 -0.001377 -0.023584
0.019989 -0.003307 -0.009540
-0.003476 0.006993 0.011564
0.025493 -0.003307 0.002761
0.025397 -0.002975 0.011257
