0.001845 0.009000 0.000429
-0.000852 -0.015095 0.006433
-0.014936 0.000526 0.006446
0.014551 -0.003869 0.006436
-0.004048 -0.003801 -0.001568
-0.009028 0.011816 0.006440
0.007671 -0.010601 -0.001568
0.012533 0.008158 0.006266
0.002672 -0.002692 0.008432
-0.011103 -0.010170 0.004914
0.007278 -0.000019 -0.000753
-0.010745 0.005516 -0.001533
-0.005567 0.002805 0.008432
0.007831 -0.010908 0.008125
-0.000199 0.012847 0.008432
-0.004985 -0.012661 -0.001063
-0.012956 -0.003807 -0.001064
0.004619 0.005689 0.008432
-0.004011 -0.007640 0.008432
0.009837 0.008064 -0.001568
-0.005689 0.012034 -0.001130
0.014845 0.002250 0.001076
-0.003374 0.003746 -0.001568
0.012859 -0.005105 -0.000811
0.006416 0.011998 0.005245
0.000960 -0.008683 0.000347
0.010439 0.001582 0.008432
-0.010018 -0.004047 0.008432
-0.013260 0.006817 0.004616
-0.000287 0.003621 0.004373
-0.002977 -0.002343 0.004735
0.004545 -0.013573 0.003248
0.008659 -0.004618 0.008432
0.011578 -0.009702 0.003223
0.001067 -0.000453 -0.000568
0.001738 -0.009853 0.008432
-0.008430 0.000132 0.000301
-0.010024 -0.009194 -0.001022
-0.002249 0.014700 0.003050
-0.014856 0.001665 0.000523
-0.004403 0.008651 0.008432
-0.006351 -0.013694 0.004624
-0.014187 -0.004886 0.004498
0.004042 0.014331 0.000506
0.005682 -0.005452 -0.000116
-0.000119 -0.015121 0.000464
0.003816 0.004240 -0.001568
-0.010970 0.003676 0.008432
0.003773 0.000165 0.004045
-0.009549 0.009619 0.001609
