-0.014300 -0.013671 -0.000274
0.031276 0.030290 -0.006140
-0.043999 0.041995 0.000545
-0.034971 -0.068263 0.001781
0.027635 -0.020421 0.006366
-0.052471 0.001749 -0.003838
-0.008407 0.025465 -0.007464
-0.034971 -0.036843 0.006022
0.014058 0.003989 -0.007464
-0.027577 0.009313 0.000816
0.035649 0.008256 0.000384
0.007088 -0.021021 -0.003542
0.010240 0.035785 0.000718
-0.005644 0.005871 0.000737
-0.013866 -0.034090 0.005636
-0.052471 0.022528 0.000581
0.016253 0.016880 0.008954
-0.022918 -0.052167 0.001240
-0.032304 -0.017416 0.006416
0.008310 0.020463 -0.007431
0.027345 -0.006373 -0.003749
-0.036492 -0.004442 -0.003884
0.024287 0.016131 -0.007464
0.004895 -0.006000 0.000816
-0.002220 -0.018404 0.008917
-0.041739 0.012555 -0.003795
-0.015894 0.012782 -0.007464
-0.018379 -0.000528 -0.003396
-0.025401 -0.028103 0.001131
-0.018944 0.023131 0.000697
0.014796 -0.016502 0.006416
0.018150 0.029209 -0.007464
-0.034971 -0.049953 0.006086
-0.026504 -0.012576 -0.003884
0.036732 0.018818 -0.006541
0.020573 -0.020338 -0.003880
0.000446 0.028189 0.000810
-0.002472 0.014507 -0.007464
-0.005142 -0.021231 -0.003154
-0.023433 -0.040038 0.001131
0.015592 -0.009231 -0.003884
-0.051647 0.033744 -0.003884
0.002255 0.002249 -0.007464
-0.023882 0.016662 0.009066
0.023513 0.035300 0.000672
-0.016677 -0.022883 0.006091
0.022715 -0.029684 0.002135
-0.027765 -0.060947 0.006131
0.029448 0.003755 -0.007464
-0.051637 0.011611 0.000816
