-0.084025 0.001705 0.041161
0.106660 -0.003168 0.012482
0.005551 -0.003155 -0.011115
-0.092178 -0.003187 -0.043390
-0.050669 0.001705 -0.004923
0.052784 0.001676 0.014879
-0.100647 -0.003295 0.000245
0.077515 -0.003161 -0.013891
-0.019865 0.001389 0.014879
0.040558 -0.003037 -0.013898
0.021774 0.001506 0.014879
-0.073797 -0.003295 0.013481
-0.022848 0.001479 -0.013872
-0.077062 0.001525 -0.013901
0.079534 -0.003248 0.014879
-0.083178 -0.003205 0.066840
-0.100678 -0.003281 0.024388
0.099702 0.001674 -0.009304
-0.041721 -0.003295 0.014842
0.000928 -0.003295 0.010155
-0.097389 0.001702 -0.020121
0.059019 0.000205 -0.004987
0.023679 0.001679 -0.004834
0.037416 -0.003295 0.006197
-0.034154 -0.003295 -0.001164
-0.009331 0.001666 -0.003000
-0.100344 -0.003268 0.041486
-0.057640 0.001661 0.011733
-0.083690 -0.003295 -0.028740
-0.089835 0.001705 0.012208
-0.066427 -0.003295 -0.001781
0.086799 -0.003295 -0.000108
-0.092933 0.001646 0.054952
-0.085270 -0.003295 -0.001717
0.065642 -0.003295 0.008341
0.093158 0.001705 0.014511
-0.087514 0.001695 0.027004
-0.038789 0.001699 -0.013753
0.013659 -0.003295 0.003887
0.073907 0.001705 -0.001477
-0.059840 -0.003224 -0.013844
-0.020953 -0.003295 0.002064
0.046179 0.001421 -0.002445
0.099173 -0.003295 0.002241
-0.030278 -0.003295 0.010493
-0.006985 -0.003295 -0.013890
-0.088414 -0.003295 -0.013612
0.089687 -0.003295 -0.013785
-0.100653 -0.003295 0.012348
-0.010912 -0.003295 0.008570
