0.009691 0.002366 0.031970
-0.009287 -0.001565 -0.036000
-0.009343 -0.003514 0.000876
0.009541 0.002965 -0.017237
0.008422 0.005465 0.010232
-0.010019 -0.000634 0.022688
-0.009684 0.002874 -0.017251
0.009585 -0.002412 -0.035393
0.000104 0.010180 -0.004419
0.007496 -0.006348 -0.002540
-0.002445 -0.009396 0.035514
0.000954 -0.009758 0.013125
0.000020 -0.009808 -0.023364
0.000352 0.010168 -0.029123
-0.005169 0.008765 0.035405
-0.006545 0.007791 0.010526
0.001643 0.010033 0.022485
-0.003569 -0.009164 -0.010125
0.005519 -0.008110 0.025227
-0.000139 -0.009711 -0.035498
-0.000118 0.010186 -0.016674
0.009865 0.001348 0.020710
-0.008912 -0.004455 0.012170
-0.009944 -0.001246 0.033899
0.006479 -0.007365 -0.014508
