0.035074 -0.028154 0.006721
-0.034922 0.028333 0.001550
-0.034926 -0.049996 -0.000166
0.026682 0.028958 0.001927
-0.007671 -0.010590 -0.007471
0.004011 -0.050314 -0.001133
-0.034644 -0.018096 0.012211
0.023525 -0.001673 -0.007471
-0.033138 0.001802 -0.007471
-0.014939 -0.036655 0.012529
0.013105 -0.026567 -0.007471
0.034498 0.007996 0.012505
0.028440 -0.050508 -0.000560
-0.025866 -0.028856 -0.007471
-0.026537 0.010283 0.012529
0.015090 -0.036519 0.012529
0.006237 -0.000526 0.004024
-0.015594 -0.046513 -0.005828
0.026164 -0.010598 0.012019
-0.001761 -0.024424 0.004936
0.035074 0.013871 -0.006781
-0.033695 -0.036585 0.012529
0.034613 -0.016357 -0.007332
-0.022926 -0.008072 0.003285
0.028121 -0.034829 -0.007471
