-0.006845 0.002204 0.014308
0.007166 -0.002204 0.000998
-0.006490 0.001490 0.000159
0.004625 -0.005621 0.014221
0.002099 0.007200 0.007303
-0.001812 -0.007277 0.005265
0.005459 0.003495 0.015000
-0.003967 -0.005888 0.013532
0.001464 0.003595 0.000000
-0.007260 -0.001881 0.007437
0.004642 -0.000459 0.008253
-0.005229 0.005375 0.006567
-0.001119 0.007129 0.014214
0.000364 -0.003264 0.000000
-0.005652 -0.004818 0.000927
0.004183 -0.005736 0.005102
0.006308 0.003257 0.003700
0.000416 -0.004250 0.009910
-0.003464 0.006197 0.001189
0.007114 -0.001101 0.012911
-0.002964 0.003366 0.010905
0.005590 0.004377 0.009898
-0.004063 -0.001463 0.011245
-0.003242 -0.002568 0.004619
-0.000747 0.004095 0.004727
