-0.063102 -0.006090 0.004001
0.070168 0.000200 -0.003401
0.002719 0.010008 -0.003365
0.034237 -0.009960 0.003432
-0.027669 -0.009992 -0.003364
-0.042768 0.010008 0.003378
0.047316 0.010008 -0.003364
0.011397 -0.009991 0.003376
-0.019059 0.009989 0.003419
0.025029 0.010008 -0.000989
-0.008809 -0.007659 0.004001
0.054269 -0.009991 0.003331
-0.046409 -0.009190 -0.003999
-0.059493 0.009971 -0.003436
0.060601 0.009456 0.003925
-0.030881 0.004659 -0.004000
0.022838 -0.004261 -0.003999
0.013212 0.003996 0.004000
0.036809 0.003908 0.004000
-0.009404 0.003539 -0.004000
0.044248 -0.004331 -0.003999
0.001991 -0.003706 -0.003999
-0.037064 -0.004113 0.004001
-0.051420 0.000028 0.004001
-0.069536 0.002001 -0.003459
