0.001859 -0.016799 0.003681
-0.001620 -0.035234 -0.003064
-0.004899 0.000167 -0.003334
0.007444 -0.004799 0.000037
-0.002160 -0.005217 0.006560
-0.004417 -0.024305 -0.002018
-0.002785 -0.010531 -0.003939
0.004223 -0.027488 0.002304
0.003196 -0.020996 -0.003512
-0.003361 -0.030096 0.003560
0.003775 0.000138 0.005295
0.004481 -0.011861 -0.001662
0.002732 0.000160 -0.003344
-0.004873 -0.016315 0.000383
0.002493 -0.034725 0.003154
-0.006958 -0.005229 0.001092
0.000954 -0.028590 -0.003938
-0.001072 -0.023228 0.004062
-0.002145 -0.011436 0.004061
-0.002346 0.000166 0.002755
0.002098 -0.006283 -0.003939
0.003082 -0.007674 0.003764
-0.000569 -0.016211 -0.003939
0.004145 -0.033203 -0.002259
-0.004343 -0.030253 -0.002109
