-0.011252 0.005965 -0.004000
0.057431 -0.001460 0.003399
-0.057349 -0.001946 0.003402
0.021334 -0.010302 0.003424
-0.031598 -0.010326 0.003392
0.035562 0.009674 -0.003398
0.011642 0.009579 -0.003495
-0.039341 0.009674 -0.003390
0.000142 -0.010284 0.003442
0.040417 -0.010111 -0.003616
-0.015994 -0.010326 -0.003283
-0.025514 0.004895 0.004000
-0.045647 -0.009777 -0.003949
0.023698 0.004446 0.004000
0.050195 0.009289 -0.003376
0.000581 0.004210 0.004000
0.010750 -0.004510 -0.004000
-0.052516 0.008305 -0.003390
0.040729 0.000348 0.004000
-0.042082 -0.000404 0.004000
0.029364 -0.003775 -0.004000
-0.032884 -0.000701 -0.004000
-0.009601 -0.002955 0.004000
0.051981 -0.008769 -0.003839
-0.002230 -0.002634 -0.004000
