-0.069614 0.004009 0.000153
0.070093 -0.003495 0.000163
-0.000184 -0.007403 -0.000135
0.034238 0.007436 0.000161
-0.033403 0.007426 0.000183
-0.050515 -0.004818 -0.000329
0.020259 -0.007494 0.000022
0.050083 -0.004844 -0.000143
-0.013463 0.007488 0.000074
0.010115 0.007478 0.000089
-0.023404 -0.007508 0.000048
0.035269 -0.007503 0.000077
-0.036965 -0.005780 0.003055
0.023101 0.003779 0.006495
0.059254 0.004753 0.000763
-0.002541 0.003751 0.006546
-0.013076 -0.003591 0.006556
0.010014 -0.003525 0.006556
-0.023417 0.003447 0.006556
-0.058328 0.003179 0.003682
-0.042685 0.003848 0.006381
-0.009339 -0.002156 -0.003944
0.040029 0.000261 0.006556
0.025951 0.001219 -0.003944
0.000803 0.002929 -0.003944
