-0.015348 0.024902 0.005270
0.025722 0.000624 -0.003215
0.025735 0.045150 0.011742
0.002469 0.045686 -0.007584
-0.001074 0.000041 0.007532
-0.025774 0.001338 -0.003152
0.012429 0.022938 0.005261
-0.025192 0.045650 -0.007022
-0.009320 0.045757 0.011791
0.022059 0.039847 -0.007606
0.008105 0.039523 0.012403
-0.025763 0.038173 0.011830
0.025726 0.017357 -0.003267
-0.011527 0.009900 -0.000970
0.014308 0.006512 0.007520
-0.011290 0.039204 -0.002667
-0.025774 0.016952 -0.003216
0.025731 0.031068 0.004897
-0.001823 0.018089 0.007487
-0.025774 0.031605 -0.002716
-0.003430 0.032599 0.007435
-0.016771 0.000106 0.007562
0.010968 0.035426 -0.000563
-0.025156 0.009924 0.007531
0.013569 0.013447 -0.003086
