0.025198 -0.029248 0.006000
-0.062230 0.044216 0.018008
-0.061780 -0.044809 0.017031
0.061160 0.044884 0.017641
-0.000416 0.030885 0.000000
-0.042053 -0.000037 0.000000
0.061662 -0.003305 0.025694
-0.018478 -0.044272 -0.000000
0.061756 -0.044098 0.018491
0.037641 0.016882 -0.000000
-0.004721 -0.006808 -0.000000
-0.032422 0.044446 0.000046
-0.061735 -0.011250 0.026108
0.054616 -0.019778 -0.000000
0.026380 0.044925 0.005475
-0.043727 -0.029269 0.000000
-0.054272 0.017091 0.025628
-0.061547 0.023492 0.000000
-0.024183 0.019281 0.006000
0.061756 0.019071 0.011030
0.020857 -0.002951 0.006000
0.044512 -0.044423 0.000023
0.006566 -0.045000 0.000722
-0.062244 -0.013577 0.001790
-0.022272 -0.021494 0.006000
