-0.008633 -0.002194 -0.007583
0.011413 0.008626 -0.003426
0.008989 -0.011580 -0.003688
-0.008139 0.011127 -0.002672
0.004716 -0.000755 -0.008255
-0.001447 -0.007570 -0.000018
0.001240 0.005826 -0.000018
-0.002836 0.005683 -0.009018
-0.008708 -0.011727 -0.005192
-0.007020 0.002327 -0.000018
0.006646 -0.003708 -0.000021
-0.001407 -0.007282 -0.008954
0.005281 0.007676 -0.009018
-0.010177 0.006246 -0.007916
-0.008538 -0.005612 -0.001018
0.005803 -0.007863 -0.009018
0.007749 0.003152 -0.001018
-0.003879 -0.002246 -0.003505
0.005271 0.009486 -0.003055
0.002139 -0.004685 -0.004207
0.009783 -0.005615 -0.004923
0.009068 0.003345 -0.007032
-0.002700 0.008601 -0.003726
0.001899 0.003950 -0.005836
0.004430 -0.009049 -0.001162
