-0.023904 0.014859 0.003454
0.084556 -0.018540 -0.018381
-0.096956 -0.016455 0.020986
0.040519 0.018542 0.011682
-0.077066 0.016489 -0.026213
0.014623 -0.018410 -0.026213
-0.043127 -0.016470 -0.026213
-0.064244 0.016450 0.027174
0.084556 0.018329 0.006463
0.058280 0.013489 -0.026213
-0.000888 -0.018327 0.011887
0.057337 -0.018542 0.011881
0.001502 0.018513 -0.026213
-0.050065 -0.016206 0.011887
-0.078907 -0.016510 -0.010732
-0.094020 0.016510 0.005996
0.048085 -0.018542 -0.020768
-0.039612 0.016762 -0.026040
0.008000 0.013415 0.011887
-0.014067 -0.011176 -0.015912
0.028242 -0.014859 0.002648
-0.058368 0.016510 -0.002419
0.029818 0.014859 -0.016224
-0.070326 -0.011960 0.032719
0.084556 -0.011197 0.009102
-0.089836 0.008890 0.031654
0.084003 0.011176 -0.019140
0.052441 0.001345 -0.004009
-0.025265 -0.011176 0.007232
-0.064249 -0.004333 -0.026213
-0.043549 0.006092 0.011887
-0.071979 -0.008890 0.009913
-0.018686 0.011176 -0.018483
0.062790 0.014031 0.011887
0.014968 0.000468 -0.007228
-0.077526 0.005380 -0.007000
0.031920 -0.004705 -0.026213
-0.056875 -0.016510 -0.009087
0.064288 -0.015904 -0.007760
0.008316 -0.019033 -0.006541
-0.092446 -0.008890 0.002543
0.064276 0.019050 -0.007659
-0.074434 0.019050 0.009873
-0.037046 -0.018017 -0.007315
0.007511 0.019050 -0.007189
0.027548 0.004214 0.007601
0.068372 -0.011222 -0.026213
-0.058311 0.016510 -0.022182
-0.039811 0.016712 -0.006965
-0.032598 -0.000806 -0.023612
0.045406 0.018542 -0.006486
0.045548 -0.018542 -0.002538
0.029271 -0.018542 -0.015009
-0.006357 0.011176 0.001361
-0.060631 -0.001054 -0.001216
-0.081305 -0.003165 -0.022023
0.044773 0.004697 -0.019276
0.042011 -0.005379 0.008178
-0.025937 -0.018516 -0.026213
-0.087267 -0.008890 0.033198
-0.020542 0.000212 -0.004800
0.023497 0.018542 -0.000760
-0.002431 -0.018542 -0.025997
0.014483 -0.011331 0.011887
-0.060503 0.008890 0.012492
-0.012418 -0.018542 -0.000826
-0.048827 0.002465 -0.026213
0.016856 0.011333 -0.026213
-0.086740 0.019050 0.019900
0.041576 0.018525 -0.026213
0.079279 -0.019050 -0.003608
-0.084152 -0.019044 0.011116
-0.074093 -0.016510 -0.026028
-0.061007 -0.008972 0.020782
-0.006738 0.019050 -0.012996
0.069572 -0.011176 0.006009
-0.087797 0.016510 -0.007833
0.072575 0.018535 -0.026213
-0.077132 0.016492 0.034988
0.079551 0.019050 -0.007459
-0.069664 0.016510 -0.012735
-0.097383 0.008987 0.018241
-0.035375 0.018316 0.011887
-0.080582 -0.019050 0.025192
-0.038425 -0.007457 0.011887
-0.057281 -0.016510 -0.023453
-0.013010 0.018490 0.011887
0.072497 0.011176 0.001983
0.038357 -0.018542 0.011801
-0.030020 0.002505 0.006274
-0.061785 -0.016510 0.004087
0.017255 -0.011176 -0.014656
-0.075237 0.008926 0.023407
0.000317 -0.011176 -0.014633
0.050553 0.011176 0.005732
-0.026363 0.018542 -0.009732
0.023842 0.002339 -0.017597
-0.082600 0.008890 0.005279
-0.023440 -0.018542 -0.009259
-0.012442 -0.011176 0.011833
