0.028909 0.012827 0.004320
-0.097388 -0.016430 0.018594
-0.042715 0.016351 -0.026528
0.084499 -0.016502 -0.018798
-0.018111 -0.016510 0.011351
-0.060673 0.016510 0.019559
-0.078872 -0.016369 -0.026528
0.009588 -0.016510 -0.026521
0.074143 0.016488 0.011572
0.056925 0.016506 -0.026528
-0.009519 0.019050 -0.004525
0.053551 -0.016510 0.011523
-0.088006 0.016377 -0.007943
-0.054836 -0.016510 0.002627
-0.027006 -0.016510 -0.024102
0.044887 -0.016510 -0.022918
-0.094016 0.016510 0.026899
0.015718 0.016501 -0.026528
0.015169 -0.016510 0.011327
-0.068429 -0.012213 0.031156
0.084394 -0.012518 0.011572
-0.032768 0.009467 0.011572
0.084499 0.013235 -0.016239
-0.069047 0.009158 -0.026528
-0.080496 -0.008890 -0.000776
-0.052872 -0.011737 -0.026528
0.052174 0.004383 -0.004079
-0.017853 0.008636 -0.026514
-0.056776 0.016510 -0.005572
0.005714 0.008682 0.011572
-0.009098 -0.008636 -0.009805
0.015293 -0.002451 -0.007990
0.036294 0.005178 -0.026528
0.034416 -0.016510 -0.001974
0.063607 -0.019050 -0.009103
-0.034030 -0.012319 -0.003389
-0.074870 0.008942 0.034254
-0.030536 0.016510 -0.008635
-0.077561 0.009364 0.009268
0.066976 -0.008665 -0.026528
0.047537 0.016505 0.011572
-0.050954 0.001010 0.011572
0.010155 0.016815 -0.007261
0.038820 -0.002884 0.011524
-0.071272 -0.019050 0.013139
0.064290 0.018930 -0.008750
-0.083559 0.000080 -0.017579
-0.013543 0.008801 0.011572
0.039381 0.016510 -0.011427
-0.087274 -0.009034 0.032977
0.006330 -0.019050 -0.005605
0.026730 -0.012319 -0.019703
-0.065729 -0.016510 -0.012819
-0.001545 -0.008636 0.007766
-0.096177 0.009137 0.009966
-0.064116 -0.000161 -0.001532
-0.000191 0.008636 -0.020935
-0.036998 -0.001215 -0.026528
-0.008729 -0.016500 -0.026528
-0.022324 0.001445 -0.003100
0.068350 -0.008636 0.004726
0.084273 0.008636 0.000269
0.071867 0.008769 -0.026528
-0.040498 -0.016409 0.011572
0.079276 -0.019050 -0.002955
-0.071961 0.016510 -0.012020
-0.047155 0.016510 0.007747
-0.047130 -0.016510 -0.012164
0.049934 -0.012319 -0.003878
-0.053502 0.004433 -0.026528
0.024169 0.012319 -0.013396
0.024884 -0.005346 0.004240
0.060852 0.008636 0.008360
0.046837 -0.002196 -0.017112
-0.060114 -0.009585 0.018406
-0.093217 -0.016510 0.003530
-0.067546 -0.006125 -0.026528
-0.085701 -0.016487 -0.012938
-0.075059 0.019050 0.023100
-0.026277 -0.003758 -0.016475
-0.019848 -0.016510 -0.003339
-0.044161 0.012319 -0.012467
-0.080806 -0.019050 0.024422
0.020700 -0.016510 -0.006755
0.004345 -0.008636 -0.015368
-0.058560 0.016510 -0.019871
-0.065455 0.016510 0.005978
-0.022692 0.016510 0.003585
-0.086842 0.019050 0.014593
-0.032610 -0.004639 0.008918
-0.086274 -0.008914 0.013579
-0.081020 0.016383 -0.023081
0.029957 -0.016437 0.011572
-0.014558 0.008636 -0.012679
-0.028871 0.016510 -0.022711
-0.076501 0.004515 -0.006233
0.017445 0.016475 0.011572
-0.006553 -0.019050 -0.000216
-0.001939 0.008636 0.000212
0.073913 -0.008894 -0.014770
