0.011028 0.011650 -0.013294
-0.006783 -0.021513 0.022615
-0.029232 -0.003602 -0.009688
-0.006750 0.019252 0.022604
0.002845 -0.027633 -0.015936
0.020740 -0.001160 0.017349
-0.012776 0.015799 -0.002897
-0.021356 -0.001241 0.015303
0.029063 -0.004384 -0.006190
0.005136 -0.013078 0.003241
0.005079 0.028201 0.004898
-0.010816 -0.011089 -0.018001
0.012207 -0.008851 -0.018001
-0.001493 0.028100 -0.015243
-0.014740 -0.013898 0.001413
0.012727 0.016020 0.022639
0.012265 -0.017727 0.022624
0.016381 0.012162 0.004684
-0.004088 -0.029184 0.001293
-0.016337 0.006236 -0.018001
0.024975 0.005573 -0.017938
-0.024616 0.006319 0.001773
0.001938 0.013954 0.010667
0.014401 -0.001748 -0.001889
-0.017418 0.013456 0.013281
0.028903 0.004210 0.006114
0.005520 -0.025366 0.011890
-0.003641 0.013536 -0.015814
-0.000446 -0.015443 -0.009490
-0.015829 -0.001837 -0.005751
0.002223 0.016148 -0.003225
-0.011272 -0.010981 0.014637
0.017698 -0.010663 0.008039
-0.006948 0.022963 0.006706
0.014410 -0.014317 -0.006116
-0.012828 0.005610 0.022618
-0.024616 -0.006251 0.004009
0.023204 0.006911 -0.005327
0.006567 -0.023997 -0.003268
-0.013548 0.003239 0.006639
-0.003894 0.029405 -0.003341
-0.007504 -0.021815 0.010476
0.023978 -0.006394 -0.017238
0.001587 -0.013837 0.019065
-0.020878 -0.004809 -0.018001
0.012638 0.007090 0.014883
-0.007227 -0.022149 -0.018001
0.007648 0.021572 -0.018001
0.003767 0.022023 0.018631
0.015221 0.001025 -0.013208
-0.024003 0.006562 -0.009589
-0.019133 -0.009553 0.022623
0.005896 0.025860 -0.007215
-0.011338 -0.017022 -0.008595
0.009493 -0.018985 -0.014779
0.020449 0.008339 0.022627
0.011991 -0.007204 0.019910
-0.007500 0.012103 0.005702
-0.005290 -0.027724 -0.009144
0.026093 -0.005765 0.003945
-0.007836 0.021387 -0.010223
-0.004548 -0.015759 0.000198
0.015158 -0.000587 0.008368
0.012528 0.016058 -0.004049
0.011577 0.017109 0.012407
-0.010817 0.008796 -0.009933
0.012106 -0.017769 0.012506
-0.013071 0.015530 -0.017754
-0.008188 0.011703 0.016501
0.022129 0.007360 0.012451
-0.016058 0.016000 0.022639
-0.018171 -0.010207 -0.010185
-0.028359 0.001074 0.009080
-0.013215 -0.006162 0.006587
0.013023 0.006728 -0.005598
0.008998 0.019750 0.003760
-0.015103 0.006768 -0.001848
0.020935 -0.008121 -0.003688
-0.025992 0.002957 -0.017898
-0.000269 -0.016046 0.010192
0.000629 0.013985 0.021620
0.000978 -0.018312 -0.018001
-0.000503 0.026517 0.011905
-0.029553 -0.000666 -0.001042
0.004413 -0.028893 0.003690
0.029301 0.003228 -0.010525
-0.008333 -0.012750 0.022639
-0.019425 -0.009068 0.011950
-0.016168 0.012351 0.004749
0.008038 -0.021041 0.004850
-0.022959 0.006838 0.012479
0.017682 -0.012571 0.016398
0.019374 0.009251 -0.012594
-0.013500 -0.003398 0.017863
-0.013903 -0.001228 -0.014709
-0.023392 -0.006759 -0.004415
0.026843 -0.001993 0.011532
0.014956 -0.006856 -0.010053
-0.005227 0.019660 0.014318
0.008009 0.011474 0.004954
