0.001914 0.016189 0.018385
-0.003716 -0.026643 -0.017203
0.028147 0.003830 -0.014912
-0.029014 0.004432 -0.006607
-0.005801 -0.021884 0.022626
-0.001148 0.026694 -0.017244
0.020317 -0.008436 0.012479
-0.020721 0.001127 0.022530
-0.010741 -0.010688 0.000943
0.014386 -0.014343 -0.009282
0.012834 0.015786 -0.002134
-0.011530 0.016911 0.000212
0.003868 -0.029180 0.003785
-0.018886 -0.009474 -0.018001
0.020012 0.008776 0.022625
-0.013715 0.009680 -0.018001
0.001837 0.029326 0.004953
0.028041 0.005227 0.003269
-0.026472 -0.005591 0.007481
-0.015274 0.016670 0.017185
0.011992 0.009256 -0.017988
0.010832 -0.018111 0.022631
0.003868 -0.013388 0.008447
0.013998 -0.000672 -0.001242
-0.013832 0.003229 0.006909
-0.016298 -0.012388 0.016685
-0.000450 -0.014797 -0.008884
0.011781 0.008320 0.010491
-0.001975 0.013849 -0.010553
-0.015497 -0.000119 -0.007850
-0.007350 -0.022152 0.008601
0.016842 -0.003793 -0.018001
0.026409 -0.005693 -0.005017
0.001145 0.014606 0.004787
-0.005850 -0.025826 -0.004279
-0.005571 0.026912 -0.005232
0.007849 -0.021212 -0.018001
-0.023925 0.002220 -0.018001
0.008625 0.020251 -0.013041
-0.006164 0.023597 0.012479
-0.024847 0.005935 0.011842
0.016154 -0.002815 0.022489
0.014768 -0.013915 0.002989
-0.012548 -0.015942 -0.009936
0.005306 -0.027838 -0.008300
0.021069 0.008080 -0.006171
-0.024799 -0.006197 -0.004061
-0.019756 0.008974 -0.001420
0.021889 0.003129 0.012812
0.007667 0.021658 0.010550
-0.011776 0.007680 0.022639
0.012172 0.016616 0.022545
0.001186 -0.013979 0.019162
0.005455 0.027486 -0.005314
-0.007261 0.011921 0.011360
0.006737 -0.023119 0.012479
-0.009162 0.019401 -0.016467
0.027969 -0.005131 0.005813
-0.005873 -0.013929 -0.017994
0.008137 -0.020933 -0.000907
0.009063 -0.010892 -0.018001
-0.006938 0.019182 0.022639
-0.006892 -0.012728 0.012622
-0.011951 0.010721 -0.007981
0.010771 -0.010608 0.015382
-0.029376 0.003147 0.003323
0.019022 0.009551 0.003689
-0.016071 -0.002658 0.014626
-0.002124 -0.015655 0.000898
0.013897 -0.001559 0.009415
0.025964 -0.005720 -0.014833
0.014614 0.002645 -0.011062
-0.008667 -0.012518 0.022622
-0.017967 -0.010387 0.007381
-0.020860 0.008173 -0.011046
-0.028522 -0.004409 -0.012751
-0.015994 0.012547 0.007522
0.017850 -0.011943 0.021357
0.029553 0.003149 -0.005691
0.007378 -0.011870 -0.002172
-0.006521 0.024029 0.003391
0.015051 0.013657 -0.010665
0.001448 0.017782 -0.018001
0.003886 0.015327 -0.003781
0.020900 0.008101 -0.017996
0.007461 0.022174 0.001602
-0.014775 -0.002788 0.000551
-0.015948 -0.001230 -0.016644
-0.014392 -0.005851 0.022639
0.011449 0.008056 0.020844
-0.015070 0.007406 0.014548
-0.017440 -0.010872 -0.004764
0.014398 -0.005654 -0.008413
-0.001400 -0.021388 0.015139
-0.011267 -0.008429 -0.014037
0.020988 -0.008076 0.001670
-0.009216 0.019383 -0.007725
0.012692 0.015909 0.006482
-0.004676 -0.028640 0.003687
-0.009813 -0.018631 -0.002052
