0.000833 -0.010928 -0.005080
0.009706 0.016392 0.005053
-0.001958 0.003185 0.005080
0.010843 0.000984 -0.003591
0.009682 -0.016626 0.005078
-0.000269 0.013440 -0.005080
0.006070 -0.005425 0.005080
-0.002899 -0.000675 -0.005078
-0.001153 -0.016622 0.004006
0.010227 0.011644 -0.004470
0.011154 -0.009979 -0.002971
0.008069 0.006087 0.005080
-0.000548 0.016394 0.004750
-0.002154 -0.006261 0.001850
0.006241 -0.016626 -0.002461
0.003874 0.006996 -0.002010
0.004540 -0.003738 -0.005080
-0.002263 0.009863 0.001347
0.005401 0.016394 -0.001104
0.003862 0.000336 0.001084
0.010891 -0.000338 0.003494
0.004214 -0.012230 0.005080
0.004499 0.011860 0.005080
0.010746 -0.010108 0.003736
-0.001862 -0.016613 -0.002725
0.011531 0.010797 0.001972
-0.002674 0.004107 -0.001050
0.011764 0.016369 -0.000798
0.011788 -0.015438 -0.000442
0.011757 -0.004363 -0.000904
0.011777 0.005057 0.000606
0.005194 0.002134 -0.005080
0.000457 -0.002175 0.005080
-0.004286 -0.000838 0.001582
0.002491 -0.009418 0.000282
-0.002364 0.016377 -0.000657
0.002151 0.006996 0.003417
-0.001344 -0.005914 -0.003728
0.009125 0.006162 -0.005080
-0.002366 -0.012176 0.000662
0.006109 -0.009066 -0.005080
0.004787 0.011389 -0.005080
-0.000903 0.008053 -0.004373
0.003788 -0.016626 0.002186
-0.000428 -0.010043 0.004911
0.008557 0.016388 -0.005080
0.003187 -0.004466 -0.000266
0.000287 0.003189 -0.005080
0.009712 -0.014233 -0.005047
0.009258 -0.005239 -0.005080
0.006535 0.001306 0.005080
0.002281 -0.015579 -0.005080
0.010733 -0.005271 0.003756
0.004112 0.016394 0.003541
0.000997 -0.000916 -0.002458
-0.000199 0.011758 0.005080
0.003183 0.016394 -0.005078
0.008821 0.012095 0.005080
0.000997 0.003539 0.001138
0.011590 0.008641 -0.001757
0.002797 -0.007240 -0.003334
0.007983 -0.016626 0.001303
-0.003772 -0.003119 -0.001833
0.005712 -0.013206 -0.005080
0.002747 -0.007600 0.003964
0.007738 -0.001205 -0.005080
0.001351 -0.012816 0.002231
0.001576 0.016394 0.000361
0.007035 -0.009376 0.005080
-0.002191 0.012471 -0.001702
0.000116 0.006996 -0.000659
-0.001977 -0.009671 -0.002418
0.001971 -0.012816 -0.001740
0.011784 -0.008080 0.000491
-0.002028 0.013736 0.002245
0.008460 0.016394 0.001357
0.004330 -0.001913 0.005080
0.001688 -0.016626 -0.001066
0.007974 -0.013136 0.005080
0.004353 0.003828 0.003039
0.004266 0.003215 -0.001484
0.011800 -0.000603 -0.000252
0.010631 0.003514 0.003905
0.011167 -0.013807 0.002944
-0.004240 0.000768 -0.001845
-0.002898 -0.000447 0.005080
0.008103 -0.002252 0.005080
-0.000315 -0.005820 0.005034
0.011701 0.012674 -0.001206
0.005757 0.007825 -0.005080
0.000997 -0.001957 0.001378
0.006019 -0.016242 0.005080
0.000997 0.001279 0.004012
0.011416 0.014435 0.002307
0.002039 -0.015164 0.005080
0.010968 0.007455 0.003342
0.005126 0.008268 0.005080
-0.001472 0.006996 0.003424
0.000860 -0.003391 -0.005080
-0.003893 0.002721 0.002073
