-0.010924 0.021237 0.014512
0.007872 -0.029542 -0.020125
0.025388 0.017659 -0.020125
0.025400 0.003859 0.024612
-0.025400 0.003899 -0.020115
-0.007779 -0.018499 0.014819
0.007874 -0.002681 -0.005900
-0.002763 0.020993 -0.020056
0.014775 0.021550 0.004845
-0.025375 0.003780 0.024658
0.001644 0.003794 0.024729
-0.007874 -0.012329 -0.020069
-0.025400 0.008473 0.002309
0.007874 -0.028886 0.002406
0.011793 0.021161 0.024729
-0.007874 0.000144 0.007391
-0.021081 0.021560 -0.012031
-0.007874 -0.028447 -0.008874
0.025381 0.008158 -0.003582
-0.009527 0.006400 -0.010269
0.007874 -0.008699 0.012094
-0.002470 0.021560 -0.001766
0.010054 0.008224 -0.020125
-0.023490 0.019930 0.024729
0.017751 0.004072 0.010149
0.025400 0.017959 0.016486
0.007874 -0.013647 -0.017643
0.012701 0.020891 -0.010902
-0.011945 0.010311 0.024729
-0.018927 0.021560 0.002369
-0.004069 -0.018520 0.000881
0.023334 0.003780 -0.017079
0.003301 0.019693 0.013282
-0.001428 0.000156 -0.020125
-0.005424 -0.006546 -0.007763
0.004943 -0.021637 0.013081
0.007874 0.007773 0.002134
-0.013960 0.013995 -0.020125
-0.019288 0.003780 0.012957
0.007653 -0.018258 -0.005324
-0.002782 0.021045 0.024729
-0.025400 0.016459 0.012422
0.013535 0.008511 0.024729
-0.003699 -0.024386 -0.020125
0.023104 0.020290 -0.004194
-0.003672 -0.007117 0.016242
-0.025400 0.010293 -0.009714
0.014464 0.007044 -0.008633
0.004006 -0.029644 -0.008836
-0.013711 0.008015 0.000834
-0.009684 0.019957 -0.010737
-0.007861 -0.027204 0.007156
0.025400 0.014913 0.005507
0.007874 0.002107 0.015447
0.001929 -0.004207 0.003581
-0.007874 -0.017317 -0.009994
-0.025400 0.015065 -0.020024
-0.006673 0.003780 0.017645
0.007712 0.018690 -0.020125
-0.007874 -0.010619 0.007026
-0.003980 0.010490 -0.020125
0.007874 -0.003143 -0.016495
0.005388 -0.015468 0.004519
-0.012027 0.003780 -0.020065
-0.013168 0.021341 0.024729
0.002367 0.021560 -0.010923
0.004578 0.013752 0.024729
0.015599 0.020871 0.015168
-0.001819 -0.029558 -0.000635
0.025400 0.007962 0.015437
0.007534 0.021163 -0.002076
0.020231 0.015863 0.024729
-0.009500 0.020441 0.004846
0.000962 -0.013370 -0.010860
-0.025400 0.018273 -0.003996
-0.007874 0.001022 -0.002287
0.025400 0.014099 -0.011221
-0.018696 0.004593 -0.013308
0.016752 0.021560 -0.019666
0.017372 0.007934 0.001478
0.007874 -0.022356 -0.013951
0.018748 0.011281 -0.020125
-0.025400 0.011981 0.020524
0.000586 -0.008784 -0.020125
-0.007874 -0.004381 -0.016043
-0.019443 0.021343 0.016928
0.018485 0.003780 0.019025
-0.016863 0.003780 0.021459
0.001995 -0.013854 0.016083
0.000900 -0.026983 0.007487
0.025338 0.006270 0.006629
-0.018147 0.021554 -0.020125
0.021417 0.021560 -0.012451
-0.003397 0.010782 0.024729
0.007874 0.000749 0.007071
0.002655 0.021199 0.004939
-0.012673 0.019652 -0.002904
0.000597 -0.017156 -0.020125
0.007874 0.004496 -0.012952
-0.025400 0.016677 0.004109
