-0.005249 -0.006316 -0.003283
0.008898 -0.059256 0.002572
0.008914 0.037264 0.002485
0.004766 -0.031127 0.007535
0.004857 0.013437 0.007535
0.002917 -0.043531 -0.007535
-0.005785 0.026249 -0.000822
0.004732 -0.020933 -0.007535
0.004836 0.006283 -0.007535
0.004867 -0.013924 0.007534
-0.003924 -0.058619 -0.007534
0.002822 -0.046215 0.007515
0.008683 0.023385 -0.002788
0.006733 -0.000279 0.004738
-0.004388 -0.058002 0.006319
0.007021 -0.008934 -0.004449
0.002879 0.033236 -0.007535
0.003212 0.027504 0.007535
0.007088 -0.032505 -0.004382
-0.003927 -0.003068 0.007524
0.000549 -0.022489 0.002378
-0.002662 -0.050092 -0.001016
0.008931 -0.049077 -0.000745
0.000395 -0.038258 0.001228
0.002835 0.016372 -0.007525
0.005426 -0.056436 -0.006045
0.008931 0.012374 -0.001177
0.000261 0.019123 0.001304
0.008931 -0.018631 0.000506
0.000332 -0.013743 -0.000463
0.001697 -0.002255 -0.007535
0.008931 -0.040680 0.002406
0.000225 0.032611 0.000911
0.002835 0.006535 0.000948
0.003513 -0.054794 0.007535
0.001017 0.025293 -0.005585
0.008931 -0.026961 0.001633
0.000300 -0.059256 -0.000301
0.000323 -0.030225 -0.000346
0.008214 0.000223 -0.003256
-0.000526 -0.000836 0.000407
0.002864 0.036176 0.007535
0.008117 -0.008027 0.003354
0.008931 0.029328 0.002419
0.006980 0.021372 0.004491
0.000865 -0.050739 -0.007535
0.000780 -0.007466 0.003305
0.004134 -0.038432 0.007535
0.002727 -0.013963 -0.007367
-0.002475 -0.051046 0.006117
0.002335 -0.027687 -0.006753
0.001639 -0.036792 -0.005585
0.004843 0.005790 0.007535
0.004867 -0.024181 0.007520
0.008268 0.033299 -0.003202
0.008900 -0.033786 0.002570
0.007390 -0.039894 -0.004081
-0.005464 -0.056131 -0.001519
0.000411 -0.044290 -0.001429
0.002835 0.013094 0.001297
-0.001469 0.024883 0.003845
-0.005787 0.019802 -0.000821
0.003142 0.037264 -0.002464
0.008931 0.005382 0.002514
0.000808 -0.008159 -0.003417
-0.004374 -0.000847 -0.006351
-0.005801 0.032622 -0.000794
0.000714 -0.019508 -0.003039
0.007358 -0.025321 -0.004113
0.006641 -0.050288 0.004830
0.002199 -0.003280 0.007535
0.002835 0.011130 -0.004465
-0.005298 -0.006424 0.002728
0.007603 0.017581 -0.003867
0.007543 -0.014846 -0.003927
0.008931 -0.054960 -0.001551
0.006238 0.028167 -0.005233
0.002835 0.002544 -0.003420
0.001101 -0.017018 0.004333
0.005842 -0.048341 -0.005628
-0.004387 -0.052959 -0.006286
0.008420 0.006931 -0.003051
0.008084 0.015764 0.003386
0.002835 0.018800 0.007496
-0.000875 0.030489 -0.004260
0.001241 -0.027714 0.004660
0.004867 0.021624 -0.007505
-0.001194 0.020317 -0.004037
0.008395 -0.013637 0.003076
0.000963 -0.059256 0.005250
0.001017 -0.033539 0.004140
0.006140 -0.019162 0.005330
0.004448 -0.008374 0.007535
0.008931 -0.004890 -0.001165
0.000644 -0.047885 0.002757
0.000570 -0.024892 -0.002461
0.007561 0.010433 0.003910
0.005651 0.031946 0.005820
-0.005308 -0.000979 0.002794
-0.002016 -0.006196 -0.007535
