0.008931 0.027350 0.001326
-0.003949 -0.059256 -0.007438
0.004819 -0.017371 0.007535
0.002835 0.003716 -0.007471
0.004827 -0.041921 0.007535
0.002980 -0.029635 -0.007535
-0.003897 -0.002136 0.007535
0.004808 -0.059253 0.007535
-0.005801 0.019042 -0.000783
0.002869 -0.012309 -0.007535
0.004867 0.010958 0.007513
0.004688 -0.046172 -0.007535
0.002835 0.037227 -0.007504
0.008931 -0.004493 0.002396
0.002877 0.037264 0.007518
0.006313 0.016202 -0.005158
-0.003055 -0.050559 0.002093
0.001494 -0.029696 0.005247
-0.005801 0.031724 -0.000015
0.007475 -0.057331 -0.003996
-0.005073 -0.004307 -0.004005
0.008798 -0.020952 -0.002672
0.008931 -0.037397 -0.001918
0.002835 0.026145 -0.007522
0.002835 0.021350 0.007534
0.008931 -0.048805 0.001320
0.000502 -0.010000 0.002187
0.008931 0.005312 0.000311
0.008931 0.037081 -0.000014
-0.004587 -0.059256 0.005763
0.000355 -0.041208 -0.000747
0.004541 0.001714 0.007535
0.000359 -0.021699 0.000794
0.008931 -0.029039 0.000683
0.008931 -0.013116 0.001115
0.005781 -0.004306 -0.005690
0.000549 0.029315 0.005257
0.003474 -0.050733 0.007535
-0.002304 -0.050992 -0.006432
0.008557 0.017204 0.002913
0.001151 -0.000836 0.000357
0.002835 0.010608 -0.000393
0.003093 -0.037729 -0.007535
0.000324 -0.059256 -0.000617
0.002832 -0.020060 -0.007531
0.002753 0.032532 -0.001373
0.000401 -0.033570 -0.001309
0.001701 0.019000 0.000226
0.003575 -0.005759 0.007535
0.006612 -0.035106 0.004859
-0.002877 0.025550 -0.002858
0.006191 -0.024108 0.005280
0.008677 -0.055781 0.002793
0.002860 0.010689 -0.007535
0.007663 0.022844 -0.003808
-0.005447 -0.055721 -0.001720
0.000460 -0.015506 -0.002019
-0.005310 -0.006424 0.002450
0.001936 -0.056066 -0.007535
-0.002082 0.023478 0.003415
0.006834 0.032763 0.004636
0.008931 -0.042322 0.002446
0.000932 -0.045746 0.003917
-0.000037 -0.002097 -0.007535
0.008930 0.011016 -0.002541
0.000502 -0.027291 -0.002189
-0.002128 -0.053707 0.007535
0.002835 0.004907 0.002334
0.007104 -0.051063 -0.004367
0.000488 -0.047361 -0.002130
0.000856 -0.007642 -0.003612
0.007130 0.029281 -0.004341
0.001158 -0.038000 0.004467
0.007454 -0.010008 -0.004017
0.005511 -0.011466 0.005959
0.008931 -0.000320 -0.002231
0.008502 -0.018828 0.002969
0.007946 -0.043105 -0.003525
0.007052 -0.026394 -0.004419
0.002835 0.015957 0.005144
0.007153 -0.032273 -0.004317
0.006768 -0.015823 -0.004702
0.000604 0.021267 -0.005085
-0.004766 -0.000836 0.000738
0.005533 0.026270 0.005937
0.000889 -0.015556 0.003744
0.003488 0.037264 0.001798
0.008395 0.010346 0.003076
0.003255 0.031678 -0.007535
0.006803 0.006409 -0.004668
0.006857 0.034755 -0.004613
0.008086 0.000834 0.003384
-0.001817 0.030774 -0.003601
0.006124 -0.046590 0.005346
0.008170 0.022511 0.003301
0.004742 -0.059256 0.002256
0.001793 -0.021312 0.005906
-0.001375 -0.006424 0.005951
0.001663 -0.042416 -0.005639
0.002939 -0.051013 -0.007535
