-0.012772 -0.060800 -0.003775
0.012753 0.079806 0.001994
-0.014619 0.011919 0.005045
0.015723 -0.023341 -0.002287
0.012337 -0.097994 0.003712
0.011902 0.040161 -0.007570
-0.015428 0.060164 -0.000492
-0.013560 -0.031118 0.007485
0.015352 0.009142 -0.003977
0.013338 -0.051505 0.007347
-0.011846 -0.088036 -0.003946
0.010464 -0.073619 -0.007490
-0.006817 -0.010083 -0.007622
-0.008502 0.036723 0.007618
0.006668 0.057646 0.007618
-0.007515 0.079806 -0.007574
0.007380 -0.006634 0.007618
0.009510 0.025736 0.007618
0.002108 -0.038284 -0.003160
-0.006160 0.024413 -0.007622
-0.001430 -0.071502 0.007618
-0.006345 0.046234 -0.007622
0.013787 0.063393 -0.007622
-0.008164 -0.048004 0.007618
0.006623 -0.056788 -0.007622
-0.006120 0.072111 0.007608
-0.012441 -0.004871 0.007618
-0.004244 -0.097972 0.007618
-0.001148 0.005083 -0.002640
-0.013534 -0.042796 -0.007531
-0.000453 -0.022289 0.001940
0.004319 -0.088974 -0.007622
0.013773 -0.006991 -0.007572
0.011093 -0.081960 0.006491
0.007175 0.041683 0.007618
-0.012728 -0.025989 -0.007595
0.013199 -0.035332 0.007586
0.012484 0.024572 -0.007622
-0.005730 -0.074139 -0.007622
-0.006678 0.051415 0.007618
0.011952 -0.065850 0.004759
0.014855 -0.044792 -0.005442
-0.001477 0.063370 -0.002969
0.006968 0.011529 0.007618
-0.005267 0.022726 0.006754
-0.014166 0.001096 -0.004651
0.005736 0.052415 -0.006789
-0.005739 -0.084453 0.007618
0.000887 0.034482 -0.001939
-0.012928 -0.017313 0.002665
-0.001428 -0.058545 0.002915
-0.015085 0.033031 -0.003290
0.005819 0.073473 -0.006872
0.014367 0.067931 0.006684
-0.004652 -0.097994 -0.007314
0.015813 0.052025 0.000915
0.003205 0.016767 -0.004257
-0.011219 0.012936 -0.007608
0.006156 -0.016992 -0.007208
-0.003374 -0.049189 -0.004866
0.010099 -0.018612 0.007618
-0.012132 -0.075175 0.002788
-0.014953 0.044490 0.000765
-0.014190 0.072043 -0.001224
0.012055 -0.033376 -0.007622
0.000571 0.079794 0.001619
-0.003085 -0.011097 0.004572
0.014326 0.002775 0.005668
-0.012855 -0.058608 0.007611
0.015652 0.035713 0.002478
0.003261 -0.046987 0.004309
-0.014833 0.021821 -0.000641
0.003026 -0.005467 -0.004079
-0.006134 0.004617 0.007618
-0.002391 -0.063447 -0.007622
0.004447 -0.090890 0.007618
-0.004383 -0.037331 0.005870
0.010458 -0.097994 -0.007105
-0.012376 -0.097994 0.000393
0.014710 0.018602 0.001320
0.003802 0.068921 0.004850
0.015694 -0.055679 -0.002150
-0.008801 0.061869 0.007618
-0.008200 0.056647 -0.007622
-0.006757 -0.034702 -0.007622
0.000250 0.046594 0.001298
0.015803 -0.012752 0.001017
0.012306 -0.083279 -0.003862
-0.015161 -0.042137 0.002696
0.003990 -0.031280 0.005038
0.007848 0.002956 -0.007622
0.002665 -0.070168 -0.001709
0.002675 -0.097994 -0.000140
-0.002249 0.013447 0.003737
0.004573 -0.026893 -0.005625
-0.012920 -0.050959 -0.001565
-0.013734 0.028174 0.007057
-0.011585 0.079806 0.004512
-0.005023 -0.019760 -0.006515
0.004136 0.002376 0.005184
