-0.002512 0.066868 -0.004004
0.010479 -0.097994 0.007353
-0.012216 -0.017392 -0.006355
0.011062 0.022274 0.007563
0.013511 -0.055030 -0.007581
-0.012480 -0.074745 0.000004
-0.015292 0.038727 0.002202
0.015619 -0.007511 0.001874
-0.010958 -0.045201 0.007611
-0.011547 0.011636 -0.007622
0.015644 0.046883 -0.002694
0.012422 -0.033146 0.006913
-0.009313 -0.097969 -0.007622
0.010236 -0.079004 -0.007622
0.010488 0.079806 0.007431
-0.006124 -0.002389 0.007611
0.004712 -0.066046 0.007618
0.008669 0.009111 -0.007622
-0.006446 -0.057302 -0.007622
0.006598 -0.021755 -0.007622
-0.007947 0.022199 0.007618
-0.009995 0.079803 0.007531
-0.006417 -0.035220 -0.007622
-0.012205 0.056171 0.007618
0.002010 0.034438 -0.003063
0.010735 0.061381 0.007618
-0.005501 -0.089372 0.007618
-0.006162 -0.026349 0.007618
-0.006092 0.049973 -0.007584
0.005771 -0.048892 0.006819
0.014007 0.068666 -0.007383
0.009228 -0.039403 -0.007622
0.006266 -0.094463 -0.007622
0.007892 0.005040 0.007618
-0.010206 -0.060919 0.007198
0.008642 -0.082353 0.007618
-0.011195 0.027237 -0.007622
0.013999 0.025565 -0.007469
-0.006890 -0.003123 -0.007622
0.007118 -0.018909 0.007618
-0.009623 0.079806 -0.007621
0.011790 0.037068 0.007618
0.002955 0.049550 0.004003
0.004903 0.079806 -0.005921
-0.005134 -0.084325 -0.007619
-0.001248 -0.070613 -0.007622
0.006702 0.056607 -0.007622
0.001664 0.020336 -0.002717
-0.013047 -0.014392 0.007245
0.006529 -0.004463 -0.007582
-0.014662 0.059926 -0.004982
-0.011688 0.009621 0.005557
0.012598 -0.067164 -0.002686
-0.014780 -0.047967 -0.004407
0.001317 -0.037757 0.002365
-0.015386 -0.031481 0.000539
-0.000957 -0.013150 -0.002449
-0.007050 0.067611 0.007618
0.015896 -0.023475 0.000244
0.015822 -0.045123 0.000849
-0.015086 0.071274 -0.000691
-0.005161 0.033904 0.006648
0.014679 -0.056637 0.004323
-0.015403 -0.004572 0.000511
-0.003013 -0.046373 -0.004505
0.015873 0.014284 0.000163
0.000020 -0.097994 0.001752
0.000122 0.003937 -0.001370
0.004554 -0.006703 0.005602
-0.007282 0.045324 0.007618
-0.008662 0.038594 -0.007622
0.003953 0.070584 0.005001
-0.011941 -0.097942 0.003558
0.012432 0.037053 -0.007622
0.000441 -0.057438 0.001489
-0.004366 -0.072766 0.007618
0.012906 -0.089678 0.000166
-0.015248 0.049509 -0.000854
0.005166 0.045486 -0.006218
0.015486 0.003264 -0.001088
-0.003880 -0.024680 -0.005372
0.015682 0.057697 -0.001342
0.013172 -0.013059 -0.007179
0.004778 -0.061430 -0.007622
0.013282 0.050894 0.007085
-0.012454 -0.085535 0.000323
-0.015254 0.027978 0.002316
-0.002189 0.058914 0.003676
-0.015308 -0.058664 -0.001901
0.002385 -0.087794 -0.000317
-0.002064 0.012855 0.003552
-0.014578 0.017868 0.000015
-0.010725 -0.066781 -0.006385
-0.001012 0.079239 0.002500
0.003498 -0.027991 0.004546
0.013889 0.069736 0.002786
0.004683 0.029956 0.005731
0.003994 -0.031169 -0.005047
0.015778 0.030408 0.001198
0.011669 -0.072925 0.005420
