-0.007355 -0.006483 0.001292
0.005156 -0.040589 -0.002398
0.013161 -0.016830 -0.002306
0.006842 0.000000 -0.011451
0.010371 -0.000021 0.008426
-0.003866 -0.025307 0.006415
-0.001972 -0.016830 -0.013211
0.001349 -0.012058 0.013294
-0.007222 -0.000092 -0.011244
0.003965 -0.026994 -0.005577
-0.007365 -0.035728 -0.001374
-0.004430 -0.000028 0.012607
-0.012372 -0.016826 -0.005052
0.004507 -0.007920 -0.002143
-0.009584 -0.015152 0.009311
-0.001039 -0.040020 0.007452
0.011097 -0.011307 0.007443
0.013159 -0.000917 -0.002336
0.005526 -0.031847 0.004216
0.005440 -0.020071 0.004578
0.007802 -0.013220 -0.010848
-0.006138 -0.025746 -0.003717
-0.000161 -0.006938 -0.013361
-0.012930 -0.000005 -0.003377
-0.008782 -0.009530 -0.010070
