0.000935 0.002772 0.020000
-0.025366 0.044152 0.033501
0.025261 0.044233 0.033493
-0.039759 0.011429 0.011648
0.039659 0.005303 0.037101
-0.005854 0.032446 0.011584
-0.022557 0.013316 0.037496
0.026935 0.017145 0.011584
0.004961 0.025115 0.036400
0.015291 0.044054 0.011530
0.016635 0.005296 0.037028
-0.017271 0.012985 0.011500
-0.024917 0.043495 0.011500
-0.003676 0.044296 0.030104
-0.039928 0.005494 0.033610
0.007734 0.018675 0.011500
-0.017975 0.027979 0.025837
0.018574 0.029248 0.023714
-0.004186 0.008298 0.037496
0.039815 0.017232 0.023872
-0.004216 0.018387 0.023940
0.028130 0.017296 0.035931
-0.030290 0.017296 0.023628
0.016703 0.009943 0.021652
0.010405 0.039505 0.034377
