-0.002468 -0.009561 0.030454
0.000404 0.001188 0.104197
-0.000726 0.011447 0.064647
0.004003 0.015198 0.000416
-0.008690 -0.013012 0.000356
0.001949 -0.011299 0.078998
0.015539 -0.006893 0.010613
-0.002269 0.016749 0.026241
0.004588 -0.010487 0.054345
-0.015487 0.007011 0.009864
-0.010832 0.003490 0.046516
0.010110 0.005407 0.040275
0.006923 0.009119 0.084936
-0.011426 0.001069 0.087784
-0.010197 -0.005247 0.065392
0.014554 0.008721 0.021967
-0.014878 0.003635 0.027823
0.011415 -0.001098 0.067950
0.001459 -0.016879 0.014338
-0.014080 -0.009528 0.016568
0.013919 -0.007175 0.027480
0.003674 -0.001704 0.000000
0.015166 0.007671 0.007038
0.010419 -0.004792 0.089493
0.007491 0.004104 0.054714
