-0.007003 -0.027129 0.005494
0.005440 0.029360 0.021647
0.029711 -0.002532 0.002810
-0.027775 0.010272 0.002292
0.017615 -0.022019 0.023936
-0.025094 -0.010957 0.024351
0.009073 0.014143 0.000047
0.024721 0.011693 0.024365
-0.018376 0.019639 0.024497
-0.010822 0.027792 0.002856
0.015675 -0.021881 0.000108
-0.025247 -0.013052 0.000866
-0.003215 -0.019104 0.024571
0.027470 -0.006450 0.020939
0.019154 0.023088 0.011781
-0.029218 0.005753 0.019507
-0.012904 0.012585 0.009564
-0.017542 -0.024333 0.018156
0.005473 0.029495 0.004989
0.015904 -0.008417 0.009460
0.005732 -0.029275 0.015469
0.025190 0.012883 0.000723
-0.016151 -0.000213 0.000689
-0.012272 -0.013158 0.009075
0.001843 -0.016049 0.000676
