0.011622 0.034464 0.072403
-0.039859 -0.053909 0.030021
0.039958 -0.045467 0.059771
-0.022834 0.019605 0.000675
0.015077 -0.034150 0.000042
0.032765 0.042748 0.014834
-0.039794 0.053949 0.047374
-0.028718 -0.002558 0.053996
0.020116 -0.003354 0.039853
-0.006291 -0.043168 0.059996
-0.026536 -0.023131 0.003187
-0.007137 0.051589 0.021826
0.017002 0.007382 0.000000
0.039963 0.053760 0.052316
0.016426 -0.054000 0.031817
-0.040003 0.022178 0.031472
-0.039959 -0.034417 0.065778
0.039713 -0.028615 0.025504
0.039953 0.019939 0.053781
-0.000999 0.018822 0.025996
-0.002541 -0.023422 0.025996
-0.014447 0.053987 0.068350
-0.039901 -0.022187 0.031865
0.009122 0.053996 0.048082
0.038695 0.014361 0.023742
