0.000306 -0.011521 0.045855
0.000029 0.001055 0.131154
-0.000018 0.025996 0.000000
-0.015590 -0.020840 0.000033
-0.002107 0.010756 0.086145
0.027772 -0.008372 0.009959
-0.027669 0.009222 0.024800
0.016972 0.019304 0.032548
0.006322 -0.027515 0.020379
-0.001494 -0.011656 0.104884
-0.022028 -0.019158 0.028762
0.003390 -0.001204 0.000000
-0.008561 0.027908 0.029384
0.004255 0.011320 0.059785
0.023971 0.016648 0.003844
-0.020235 0.009691 0.000000
0.001171 -0.012044 0.075358
0.021506 -0.005251 0.033960
0.001615 0.011265 0.109423
-0.009569 0.007060 0.037976
0.013135 -0.021847 0.000000
-0.028142 -0.007330 0.011094
-0.011762 -0.002365 0.061675
0.012052 -0.000629 0.094916
0.027714 0.007820 0.020864
