-0.016445 -0.010632 0.000000
0.018522 0.011830 0.006294
-0.011259 0.018859 0.006351
0.012449 -0.018082 0.006413
0.000526 0.002260 0.000000
-0.003698 -0.009827 0.016000
0.002685 0.011430 0.015856
-0.021301 0.004609 0.006879
0.012337 -0.003002 0.015053
0.004917 0.020847 0.000595
-0.003595 -0.021696 0.001878
0.020537 -0.003894 0.000218
-0.009802 0.003592 0.016000
0.003545 -0.010663 0.000000
-0.010985 0.007768 0.000000
0.012070 0.004284 0.000000
-0.011818 -0.005414 0.009156
-0.011616 -0.016840 0.007946
-0.006226 -0.006137 0.000000
0.006690 0.004004 0.009269
-0.001622 0.012613 0.000000
0.008676 0.014619 0.008000
-0.003277 0.006798 0.008598
0.004323 -0.012260 0.010108
0.016549 -0.008960 0.008000
