0.064330 -0.011758 0.019515
-0.082452 0.018971 0.014674
-0.020569 -0.048070 0.037298
0.024629 -0.049788 0.000874
-0.057746 -0.028847 0.000653
-0.040459 0.001346 0.038526
0.044556 -0.045332 0.039764
0.079857 0.028800 0.020578
-0.042137 0.020810 0.000473
-0.079255 -0.017391 0.034313
-0.012353 -0.031717 0.000502
0.011633 -0.031904 0.030448
0.059940 -0.043037 0.002240
-0.052097 -0.037124 0.033251
0.080447 -0.033370 0.038344
-0.055260 0.027764 0.028712
-0.082417 -0.009050 0.000109
0.080020 0.005024 0.039672
0.080021 0.005993 0.000323
-0.039556 -0.007342 0.010025
0.038380 -0.028942 0.016202
-0.035781 -0.043934 0.011011
0.081946 -0.025303 0.002061
-0.002494 -0.052371 0.016493
-0.073635 0.009298 0.039053
