-0.013400 -0.001393 0.039401
0.009541 0.000904 0.000002
0.014922 0.001469 0.056196
-0.017195 -0.001680 0.010731
0.001555 0.015979 0.022673
0.004578 -0.015432 0.022592
-0.005693 0.013736 0.056326
-0.002759 -0.014692 0.056249
0.012749 0.001265 0.034414
-0.005524 0.013115 0.004310
-0.002914 -0.013931 0.004314
0.017460 -0.003006 0.016650
0.001367 0.013500 0.040171
0.004000 -0.012954 0.040039
-0.014237 -0.001537 0.056874
-0.013036 0.007321 0.024645
-0.011389 -0.009750 0.024591
0.012779 0.011900 0.011567
-0.007309 -0.000693 0.000000
-0.001491 0.001910 0.031996
0.010432 -0.013350 0.009557
0.007713 0.012856 0.052575
0.010170 -0.011023 0.052361
-0.010163 0.009894 0.044829
-0.004857 -0.004606 0.048505
