-0.044564 -0.016510 0.004713
0.084491 0.016360 -0.018916
0.012179 0.016500 -0.026528
-0.096901 0.016485 0.021294
0.044702 -0.016461 0.011572
-0.072883 0.016510 -0.026479
-0.013529 0.016510 0.011517
-0.015036 -0.016510 -0.026305
-0.088903 -0.016510 -0.004607
-0.074025 -0.015642 0.034002
0.060528 -0.016410 -0.026528
0.084499 -0.010013 0.011560
0.046918 0.016510 -0.009015
0.006279 -0.016510 0.006601
-0.034530 0.016510 -0.021358
-0.059226 0.016510 0.016390
0.025095 -0.016510 -0.023629
-0.060878 -0.016510 -0.026351
0.020267 0.014414 0.011572
0.069537 0.016488 0.011572
-0.089430 0.011801 -0.004859
-0.018885 -0.008636 -0.000517
-0.097038 -0.010610 0.020531
0.084499 -0.010539 -0.015530
-0.066396 -0.002249 -0.001532
-0.009808 0.012319 -0.013682
-0.037546 0.012319 0.003669
-0.076090 0.009973 0.034474
0.065316 -0.019050 -0.002139
0.062447 0.008636 -0.026517
-0.037735 -0.007359 -0.026528
0.015508 0.000675 -0.008241
0.034079 0.005867 -0.026528
-0.055732 0.016510 -0.010643
-0.080886 -0.005059 -0.023372
0.043829 -0.012319 -0.010988
0.042116 0.008791 0.011572
-0.073440 -0.019050 0.011651
0.004141 -0.019050 -0.015377
0.026663 -0.016510 0.000566
0.006921 0.019050 -0.003563
-0.055623 0.003325 -0.026528
0.084499 0.008692 0.000013
0.027112 0.016510 -0.011247
-0.077519 0.018941 0.009279
0.064457 0.008756 -0.005547
-0.050632 0.000229 0.011572
-0.033098 -0.016510 -0.010415
-0.025164 0.001383 -0.015174
-0.071912 -0.016510 -0.011696
