-0.060665 0.002459 -0.026213
0.084554 -0.018382 0.011887
0.020751 0.018361 -0.026213
-0.086912 -0.016386 0.033467
-0.014178 -0.018542 0.011885
0.074764 0.018542 -0.026182
0.035142 -0.010842 0.011887
-0.059462 0.016510 0.017381
-0.021518 0.018542 -0.012328
0.053151 -0.018433 -0.026213
0.001908 -0.018467 -0.026213
0.062389 0.018542 0.011876
-0.088686 -0.016510 -0.005883
0.009493 0.018542 0.011722
-0.097394 0.015481 0.015455
-0.050155 -0.016510 0.003857
-0.032940 -0.018542 -0.026208
0.083663 -0.011544 -0.019486
-0.085158 0.016510 -0.013132
0.047976 0.009541 -0.015533
-0.033639 0.006108 0.010502
0.015134 -0.002208 -0.006904
0.060357 -0.011176 -0.000028
-0.079153 0.009742 0.035081
0.084556 0.011415 -0.001940
0.035861 0.018542 0.006657
-0.063196 -0.008911 0.025343
-0.049612 0.016510 -0.007242
0.027576 -0.014262 -0.026213
-0.069271 -0.000111 -0.001216
0.010971 -0.018542 0.011831
-0.020032 -0.006197 -0.008930
-0.002704 0.011176 -0.026122
-0.036602 0.005495 -0.026213
-0.075652 -0.016402 -0.026213
-0.013889 0.018542 0.011159
-0.097044 -0.008890 0.014131
0.040072 -0.018542 -0.008282
-0.053181 -0.016510 -0.017878
-0.073301 -0.019050 0.009119
-0.078026 0.018991 0.006867
0.007790 0.019050 -0.009546
0.064327 0.019050 -0.008504
0.046588 0.002544 0.002830
-0.030854 -0.018542 0.001843
0.005800 -0.019050 -0.006809
-0.079966 0.002271 -0.024924
0.033359 0.004293 -0.026213
-0.051689 0.000355 0.011887
-0.066611 0.016510 -0.015072
