-0.008219 -0.012747 -0.007303
0.006534 0.021691 0.022639
0.000829 0.026013 -0.017931
0.029606 0.001328 -0.003724
0.012451 -0.017542 0.022639
-0.020996 0.000100 0.022618
-0.029081 0.004431 -0.003140
0.014828 -0.013845 -0.017978
-0.009709 0.018796 0.003674
0.022039 0.003905 0.018753
0.003738 -0.029191 0.004279
0.012792 0.015823 0.001486
-0.009700 -0.018986 0.019065
-0.013766 0.009613 -0.017982
0.011749 -0.008865 0.002853
0.014914 0.007490 -0.018001
0.001366 -0.027996 -0.015320
-0.012867 0.017588 0.022639
-0.023406 -0.006637 -0.017400
-0.019992 -0.008732 0.006345
0.002769 0.029605 -0.001107
-0.020282 0.008553 0.009356
-0.013857 0.001355 -0.004036
0.025939 -0.003251 -0.017993
-0.001528 -0.015198 0.006816
0.000409 0.015728 -0.006984
0.025229 -0.005984 0.008282
0.001860 0.014127 0.011043
0.008896 -0.019845 -0.006059
0.015596 0.002634 -0.004762
0.001228 -0.014649 -0.018001
-0.002177 0.027088 0.011247
0.022263 0.007400 0.005837
-0.005904 -0.025631 -0.004226
0.013865 -0.006246 0.015762
0.014667 0.014120 0.014576
-0.025764 0.005810 -0.015453
0.019571 -0.009072 -0.007273
0.009873 -0.018545 0.010465
0.010126 0.018357 -0.014270
-0.015065 0.013593 -0.006294
-0.014016 -0.014617 -0.018001
-0.028711 -0.000277 0.008195
-0.013377 -0.007539 0.016715
-0.023986 -0.006519 -0.005083
0.001397 -0.013897 0.019018
-0.008791 0.019932 -0.014280
-0.005796 -0.025616 0.010170
-0.009875 0.012010 0.012992
-0.002001 0.013888 0.021872
