-0.014575 -0.002471 -0.002979
0.021913 0.005920 0.022639
0.024865 -0.005482 -0.018001
0.004440 0.028148 -0.014244
-0.000187 -0.021009 0.022639
-0.009252 0.018581 0.022623
0.003232 -0.029256 -0.010424
-0.021946 -0.005311 0.022639
0.011412 -0.008168 0.003693
0.009219 0.019415 0.007460
-0.013815 0.014869 -0.017882
0.028965 0.004569 0.000996
-0.011605 -0.016713 -0.018001
0.011984 0.009107 -0.010477
-0.010856 0.017514 0.002228
-0.008325 -0.020579 0.003945
0.017551 -0.013059 0.021570
-0.026090 0.000364 -0.017802
0.007223 -0.012352 -0.017984
-0.028252 0.004600 0.007887
0.007420 0.013556 0.022639
0.006963 -0.022934 0.008399
-0.012989 0.005119 0.011947
-0.000688 0.029567 0.000659
0.013345 0.005219 0.010200
0.025780 -0.004726 0.012262
-0.001592 0.015252 -0.009315
-0.017889 -0.010442 0.009254
-0.029290 -0.004015 -0.004085
0.002436 -0.015969 -0.004587
0.022911 -0.007015 -0.004215
-0.012937 -0.015749 0.021444
-0.020717 0.008293 -0.008234
-0.002322 0.023728 0.012479
0.024900 0.006187 -0.011673
-0.018400 0.009618 0.022639
-0.014418 -0.004431 -0.015594
0.013799 -0.003288 -0.012035
-0.013959 -0.014685 -0.005802
-0.003796 -0.013511 0.013230
0.009025 0.019723 -0.005003
0.018006 0.010464 0.000143
-0.000393 -0.029481 0.001264
0.014071 -0.014624 -0.007708
0.006776 0.016949 -0.018001
-0.006231 0.024120 -0.017771
0.007946 -0.012079 0.014592
-0.000738 -0.021125 -0.018001
-0.006635 -0.023704 -0.007442
-0.015496 0.016500 0.012873
