0.000997 -0.002150 0.001777
0.010899 0.016392 -0.003478
0.011184 -0.016626 -0.002910
-0.001400 0.012326 0.003642
-0.001850 -0.016111 0.002758
0.010011 0.006525 0.004712
0.011265 -0.005036 -0.002746
0.003971 0.007032 -0.005080
0.007120 -0.010914 0.005080
0.002380 -0.010356 -0.005080
0.000792 0.016380 -0.005080
0.006990 0.016394 0.005079
-0.002930 0.001682 -0.005032
0.009073 -0.002068 0.005080
0.011168 0.003379 -0.002943
0.004843 -0.000940 -0.005080
-0.000293 -0.008966 0.005058
-0.000286 0.004443 0.005080
0.003991 -0.016626 -0.001628
-0.002179 0.007893 -0.001762
0.011741 0.009990 -0.001005
0.010588 -0.016626 0.003859
-0.002288 -0.007284 -0.001239
0.011793 -0.010874 0.000362
0.004298 0.003442 0.000442
0.004631 0.010230 0.005080
0.004186 -0.016626 0.005008
-0.004350 0.001346 0.001215
0.008628 -0.011259 -0.005080
0.005989 0.012963 -0.005080
0.002435 0.016394 0.000861
-0.001619 -0.014671 -0.003226
0.004486 -0.005648 0.005080
0.002185 -0.011592 0.000542
-0.000331 -0.003454 -0.005080
0.011528 0.014907 0.001981
0.006222 -0.006284 -0.005080
-0.002199 0.013353 -0.001662
0.004364 0.000646 0.005080
0.011779 -0.000790 0.000568
0.010638 -0.007037 0.003895
0.002927 -0.006317 -0.000917
0.009205 0.007795 -0.005080
0.001013 0.011250 -0.005080
-0.002897 -0.002640 0.005080
-0.004227 -0.002652 -0.001917
0.009512 0.011510 0.005080
0.007285 0.016394 -0.000077
0.000997 0.000806 -0.002175
0.009767 -0.000877 -0.004985
