0.025400 0.016765 0.000793
-0.007874 -0.029625 -0.019960
-0.025400 0.003931 0.024728
-0.018366 0.021547 -0.020125
0.007864 -0.017155 0.015287
0.002927 0.020952 0.024678
0.006529 -0.000108 -0.020125
-0.008509 0.007732 0.002399
0.024308 0.003804 0.024729
0.015745 0.021538 -0.020125
-0.007842 -0.028919 0.003075
0.007874 -0.018974 -0.008762
-0.021824 0.021364 0.012397
0.010745 0.004762 0.009190
0.005774 0.021560 -0.002288
0.025400 0.003861 -0.014586
-0.025392 0.007218 -0.008190
-0.005943 0.003780 0.021455
-0.007874 -0.007664 -0.009495
0.020595 0.020943 0.018326
-0.007874 -0.009813 0.008848
-0.001323 0.016051 -0.020125
-0.013666 0.004303 -0.020125
-0.023906 0.005385 0.008252
-0.010123 0.021560 -0.006015
0.007874 -0.003453 -0.004408
-0.005838 0.020743 0.011335
0.007874 -0.028330 0.004166
-0.013079 0.017298 0.024729
0.007737 -0.029644 -0.020124
0.009002 0.006582 0.024729
-0.001362 -0.016109 -0.020125
0.025400 0.005247 0.010121
-0.023658 0.019824 -0.001678
0.008192 0.021560 0.011647
0.016019 0.007990 -0.004917
-0.007874 -0.021549 -0.008713
0.003459 -0.004375 0.016242
0.025400 0.016915 -0.012454
-0.004195 -0.021488 0.013181
0.001559 -0.029644 -0.006677
0.015194 0.008970 -0.020125
-0.025250 0.011090 -0.020125
-0.025400 0.016412 0.023235
0.004080 -0.010570 0.005601
-0.007874 0.004536 -0.009350
-0.000187 -0.020271 0.000372
-0.004833 -0.003562 -0.020125
-0.003028 -0.003085 0.000117
0.016922 0.021448 -0.005778
