0.005005 0.027115 -0.006465
-0.003927 -0.059244 0.007524
0.004867 -0.017805 -0.007520
0.003001 0.004318 0.007535
0.004710 -0.042164 -0.007535
0.002861 -0.029981 0.007535
-0.003933 -0.002222 -0.007510
0.002853 0.037245 0.007535
0.004853 -0.059256 -0.007178
0.002968 -0.011960 0.007535
0.004867 0.011140 -0.007491
0.002940 0.020103 0.007535
0.004749 -0.046267 0.007535
0.008931 -0.004055 -0.002360
-0.005801 0.029764 0.000787
0.001480 -0.029974 -0.005215
-0.003106 -0.050595 -0.001871
-0.005029 -0.003850 0.004185
0.007279 -0.057314 0.004192
0.008931 0.037244 -0.002376
0.008558 -0.021080 0.002912
-0.002410 0.019472 -0.002513
0.008931 -0.037523 0.001800
0.008823 0.012226 0.002647
0.007850 0.028598 0.003621
0.000527 -0.009973 -0.002290
0.008872 -0.049969 -0.002598
0.002835 0.003394 -0.002050
-0.004588 -0.059256 -0.005645
0.000360 -0.041315 0.000799
0.008931 0.020596 -0.001225
0.000364 -0.022072 -0.000851
0.008931 -0.012949 -0.000911
0.008931 -0.029067 -0.000714
0.005672 -0.003852 0.005799
-0.002267 -0.050990 0.006527
0.001981 0.032616 -0.000876
0.002619 -0.051477 -0.007535
0.003906 0.019182 -0.007535
0.003361 -0.038136 0.007535
0.000271 -0.059256 0.000694
0.002835 0.037134 -0.007532
0.000266 0.027151 0.005060
0.002835 0.012204 0.007528
0.003278 -0.004959 -0.007535
0.008926 0.002369 0.002545
0.000402 -0.033719 0.001316
0.001888 -0.019369 0.006055
0.006547 -0.035434 -0.004924
0.002835 0.014382 -0.001153
