0.005651 -0.046167 0.005819
0.002922 0.037264 -0.007508
-0.003921 -0.003392 0.007535
0.004867 -0.023305 -0.007533
0.008925 0.014404 -0.002546
-0.003929 -0.059224 -0.007519
-0.005753 0.024057 0.000845
0.004867 -0.005584 -0.007533
0.002956 -0.029885 0.007535
0.004849 0.033463 0.007535
0.002915 -0.038748 -0.007535
0.006201 -0.014805 0.005269
-0.001871 -0.059256 0.007531
0.008931 -0.057866 -0.001609
0.008027 0.002045 0.003444
0.004510 0.020765 0.007535
0.008751 0.027076 -0.002720
-0.005103 -0.000836 -0.003780
-0.003221 -0.050580 -0.000004
0.003335 0.005819 -0.007535
0.008931 -0.031686 -0.001572
0.004766 -0.049596 -0.007535
0.002906 0.010327 0.007535
0.000876 -0.014495 -0.003693
0.000542 -0.038193 0.002350
0.002835 0.020598 -0.007480
0.000401 -0.022839 0.001311
-0.001289 0.032668 0.000031
0.008889 0.037264 -0.000135
0.008931 -0.006965 0.000899
0.008931 -0.040832 -0.000924
0.000212 -0.006424 0.000397
0.005554 -0.054911 0.005916
0.008931 -0.021411 0.000064
0.000454 -0.030735 -0.001953
0.000697 -0.059256 -0.000509
0.004396 -0.004490 0.007535
0.000744 0.019000 0.000344
0.008931 -0.049832 -0.000585
0.002835 0.009606 -0.000497
0.001622 0.028354 -0.006009
0.008749 -0.013999 -0.002722
-0.000827 -0.050412 0.007535
0.003750 -0.057481 -0.007535
0.000538 0.027120 0.005250
0.000609 -0.044310 -0.002617
0.002835 0.000419 -0.002060
0.004853 -0.022053 0.007535
-0.002567 -0.051707 -0.007535
0.008931 0.020777 0.001443
