0.004714 -0.003345 -0.005766
-0.010054 -0.097994 0.007300
-0.010059 0.079806 0.007395
0.012500 -0.054215 -0.007622
0.015633 0.041169 0.002782
-0.011832 -0.032405 0.007600
-0.013497 0.022874 0.007577
-0.011431 0.052580 -0.007460
-0.011085 -0.067738 0.005754
0.013505 0.069148 -0.007510
0.010383 -0.083396 -0.007618
0.015160 -0.028471 0.002433
0.010907 0.017008 0.007618
-0.013238 -0.009292 0.007579
-0.009805 -0.049276 -0.007622
0.010011 -0.068691 0.007618
-0.013875 0.005962 -0.006549
0.010680 -0.097956 0.007142
-0.010176 -0.083598 -0.007251
-0.006251 -0.020519 -0.007622
-0.002306 0.035084 -0.003798
0.006575 0.058201 0.007618
0.009013 0.079790 0.007618
0.006497 -0.044541 0.007545
-0.006083 0.070082 -0.007575
0.013075 0.026284 -0.007622
0.000736 -0.067717 -0.007622
-0.011028 0.062030 0.007618
0.000304 -0.097994 -0.007235
0.012103 -0.012010 0.007618
-0.012631 0.043778 0.007618
0.006720 0.051034 -0.007622
-0.001837 0.017369 -0.003329
0.006655 -0.038274 -0.007622
-0.006125 0.005301 0.007613
0.013451 0.010130 -0.006698
-0.012695 -0.052156 0.007618
0.000267 -0.086559 0.004194
0.012782 -0.016648 -0.007606
0.013984 0.002580 0.006014
-0.010819 -0.034510 -0.006936
0.000095 -0.056153 0.001393
0.006232 0.030904 0.007280
0.000834 -0.028678 0.001882
-0.014193 0.027466 -0.006069
0.004618 0.079795 -0.005671
-0.008595 -0.006849 -0.007622
-0.000915 -0.012837 0.002402
0.014242 -0.055782 0.005915
0.002761 0.045156 0.003809
