-0.013923 0.010511 0.002430
0.012733 -0.097994 -0.002027
0.012727 0.079805 -0.002152
0.015897 -0.039663 -0.000067
0.013374 0.040311 0.007414
-0.012479 -0.067412 -0.000016
-0.015262 0.060320 0.002439
-0.012401 -0.022130 -0.007602
0.013704 -0.007313 0.007223
0.011850 0.016480 -0.007622
-0.009058 0.035543 -0.007622
-0.009013 -0.042839 0.007618
0.012895 -0.072209 -0.000309
-0.012311 -0.093201 0.002057
0.006650 0.057446 -0.007622
-0.009311 0.079806 -0.007618
0.008626 -0.021394 -0.007622
-0.007176 -0.008707 0.007618
0.002863 -0.054745 -0.003915
-0.006152 0.045296 0.007618
-0.006098 0.026104 0.007586
0.003341 -0.085864 0.007571
0.002470 0.001673 -0.003522
0.006590 0.066438 0.007618
0.008155 0.033340 -0.007622
-0.006152 -0.026093 0.007618
-0.013444 -0.004970 -0.007622
0.010659 0.023580 0.007618
-0.012679 -0.048883 -0.007616
-0.007103 -0.080945 -0.007464
-0.007980 0.074068 0.007618
0.013892 -0.023900 0.007618
0.013932 -0.056281 0.007618
-0.004131 -0.035557 -0.005623
-0.005745 0.020038 -0.007237
0.014576 0.008385 0.005632
0.001136 -0.065506 0.007618
-0.007828 0.051160 -0.007622
0.007741 -0.084594 -0.007622
-0.001473 -0.097994 -0.007577
0.013879 -0.006887 -0.007615
-0.009977 -0.079725 0.007559
-0.005367 0.065757 -0.006859
0.000718 -0.068699 -0.007622
0.005965 0.052390 0.007013
0.001755 0.014068 0.002803
0.015165 0.046939 -0.004637
0.005177 -0.045664 0.006225
-0.009212 -0.056546 0.007618
-0.002987 -0.012963 -0.004479
