0.07740652 -0.012319161 -0.0002554073
-0.0974393 0.01650984 0.01830787
-0.009644219 0.01904984 -0.01400874
-0.07942889 -0.01651016 -0.026528021
0.03877879 0.008635841 -0.026528021
-0.06282121 -0.01651016 0.02427198
0.005921799 -0.019050159 -0.0009472942
-0.05187967 0.01231884 -0.01001802
0.07687878 0.01650984 -0.026528021
0.031158779 0.008635841 0.01157198
-0.09584121 -0.01651016 0.009031982
-0.064395234 0.01650984 0.02702315
-0.07942889 0.01650984 -0.026528021
0.084498785 0.01650984 0.01157198
-0.03488121 -0.008636159 0.01157198
-0.03488121 -0.008636159 -0.026528021
0.03877879 -0.01651016 -0.002398016
