0.0643519 -0.01904998 -0.008485859
-0.09738194 0.01651002 0.01862323
-0.01239011 0.018542022 -0.0071626613
-0.079371534 -0.01650998 -0.02621266
-0.04117385 -0.01650998 0.01188734
0.03121614 0.01117602 0.01188734
0.084556155 0.018542022 0.01188734
0.008201797 -0.01904998 -0.008926927
-0.07761797 -0.01650998 0.03507542
0.07693614 0.01485902 -0.02621266
-0.03482385 -0.01117598 -0.02621266
0.03883615 0.01117602 -0.02621266
-0.056902308 0.01651002 0.01188734
-0.079371534 0.01651002 -0.02621266
-0.09578385 -0.01650998 0.009347337
0.084556155 -0.01117598 0.01188734
-0.03564983 0.01847442 -0.02621266
