-0.0029033339 -0.029523822 8.818054e-05
0.0033935262 0.028970681 -0.01291312
0.022080218 0.0041413023 0.022638692
-0.02363571 0.006470556 0.012478679
0.02544686 -0.005362587 -0.017553
-0.02162062 -0.007564539 -0.01800132
-0.0069714086 -0.01365275 0.022638692
-0.004743069 0.02558836 0.012478679
0.011593721 0.007808752 -0.0007452774
0.002672323 -0.01435102 -0.01800132
0.013678621 -0.0150167 0.01027048
-0.01209673 0.011678481 -0.0073100072
-0.01123136 -0.008206528 0.001988361
0.02944844 -0.002909678 0.0031239742
0.006005156 0.01413564 0.022638692
0.01438995 0.01439786 -0.01800132
-0.029554779 0.002951723 -0.004836143
