0.012653731 0.0159458 -0.007511037
-0.006679968 -0.02157261 0.022638692
-0.028690519 -0.003377161 -0.01369306
0.0058867587 -0.02537936 -0.0163104
-0.01373667 0.01737976 0.022638692
0.021926451 0.0032692512 0.022638692
0.02441099 -0.005930056 -0.01800132
-0.025224399 -0.005157742 0.012478679
-0.01160452 0.01678155 -0.01800132
0.01024032 -0.00945923 0.003499968
-0.0050745467 0.028260441 0.0030400679
-0.01086633 -0.017445749 -0.002761316
0.008168246 0.02061957 0.022638692
0.029245479 0.004193747 0.0004549313
-0.01205429 0.007003191 0.0009970015
0.01461185 -0.017018 0.022638692
0.0040916647 -0.02886336 0.006533821
