0.0009974933 -0.0128156 0.005079998
0.00968222 0.0163944 -0.005080002
-0.0028981909 0.0024244 -0.005080002
-0.0002725067 0.0163944 0.005079998
0.00968222 -0.0166256 -0.005080002
0.0009974933 0.004456402 0.005079998
-0.00090045086 -0.0166256 -0.004377338
-0.0002725067 0.0163944 -0.005080002
0.00968222 0.0163944 0.005079998
0.00968222 -0.0166256 0.005079998
-0.00221979 -0.0046875994 0.0016216721
0.004797888 0.0069964007 -0.005080002
-0.0002725067 -0.0046875994 -0.005080002
-0.002407144 0.0069964007 -1.9073492e-09
-0.002158507 -0.0166256 0.001864076
-0.0039001391 0.0024244 0.003093023
0.01181686 -0.0166256 -1.9073492e-09
