0.007874081 -0.004861031 -0.005751249
-0.02539992 0.01836289 0.02472875
-0.02539992 0.01836289 -0.02012488
0.02159008 0.021559851 0.02472875
0.02159008 0.021559851 -0.02012488
-0.00787392 -0.02964378 -0.02012488
-0.0055828 0.021559851 0.002301933
-0.00787392 -0.024317909 0.01091652
0.02540008 0.006395231 0.006399998
-0.02539992 0.007902822 0.0017284091
-0.001395641 0.021559851 0.02472875
-0.001395641 0.021559851 -0.02012488
0.007874081 -0.02964378 -0.0019412499
0.007874081 -0.01146014 0.01624238
-0.00787392 0.003779856 0.01624238
-0.00787392 0.003779856 -0.014436579
0.01365973 0.021559851 -0.0006377716
