0.001713594 0.02901956 0.006073032
-0.003922984 -0.05925643 -0.007534851
-0.003922984 -0.006424427 -0.007534851
0.002834655 -0.04909643 0.007534864
0.002834655 -0.0008364258 0.007534864
0.004866655 0.03726358 -0.007534851
-0.0058013448 0.019023702 -0.0008110008
0.008930654 -0.05925643 -0.002539993
-0.0047124517 -0.05925643 0.005462605
0.002834655 -0.04909643 -0.007534851
0.002807676 0.0253249 -0.0068391017
0.008930654 0.03726358 0.0025400082
-0.0058013448 0.032643452 -0.0008110008
-0.005245304 -0.006424427 0.0033100268
0.004866655 -0.05925643 0.007534864
0.002834655 0.01956694 0.002785954
-0.005470656 -0.052906428 -0.001105782
