0.002834655 0.01899956 0.0005731163
-0.003922984 -0.05925643 -0.007534851
-0.003922984 -0.006424427 -0.007534851
0.004866655 0.03726358 -0.007534851
0.002834655 -0.04909643 0.007534864
0.002834655 -0.0008364258 0.007534864
0.002834655 0.03726358 0.007534864
0.008930654 -0.05925643 -0.002539993
-0.0058013448 0.032643452 -0.0008110008
-0.0047124517 -0.05925643 0.005462605
0.002834655 -0.04909643 -0.007534851
-0.005245304 -0.006424427 0.0033100268
0.002726888 0.02684812 -0.006782533
0.002726888 0.02684812 0.006782547
0.004866655 -0.05925643 0.007534864
-0.005470656 -0.052906428 -0.001105782
0.002834655 -0.0008364258 -0.007534851
