0.006097414 -0.07193891 -0.002542279
-0.01102963 0.07980637 0.0058918763
0.01225314 0.0053693242 -0.007622279
-0.01350385 -0.031122811 0.0076177223
-0.0146728605 0.03833472 -0.004963305
0.01571189 0.05764272 -0.0025313362
0.014131719 -0.039240953 -0.007272746
-0.01102963 -0.09799362 0.0058918763
-0.01350385 0.001262192 0.0076177223
0.013943381 0.03008057 0.0076177223
-0.01350385 -0.05358068 -0.007622279
0.01222847 -0.01719186 0.0076177223
0.01146916 -0.09799362 -0.0058964337
0.012268039 0.07980637 0.004013813
-0.01178894 0.06107188 -0.007622279
-0.01178894 -0.0144931 -0.007622279
-0.01350385 0.016586808 -0.007622279
