-0.018384 -0.033815 0.026060
0.039689 0.053928 0.059800
-0.039903 0.049683 0.027086
0.019492 0.020693 0.000005
0.039926 -0.037708 0.065825
-0.011218 0.034292 0.072748
0.033008 -0.029206 0.013892
0.023528 0.006800 0.048460
-0.040002 0.000063 0.053512
-0.027421 0.008707 0.004282
0.005548 0.052796 0.029354
-0.039766 -0.050747 0.059295
-0.001827 -0.034002 0.065130
0.013661 -0.054000 0.036159
0.001547 -0.014638 0.000000
0.039997 0.033705 0.028404
-0.011020 0.039230 0.002015
-0.002150 0.016237 0.025996
-0.035481 0.053610 0.059996
0.036298 0.002031 0.019589
-0.026703 0.027347 0.045091
0.019295 -0.023525 0.041582
-0.039202 -0.011277 0.024612
0.004768 -0.043954 0.008596
0.016590 0.033997 0.060373
-0.039906 -0.053746 0.029909
-0.013361 -0.054000 0.047054
-0.016135 -0.015359 0.048241
-0.025460 -0.021326 0.002188
0.040000 -0.051452 0.028568
-0.009946 0.051476 0.051409
0.023421 0.045059 0.010596
0.006907 0.053948 0.075299
-0.010371 -0.008800 0.023171
-0.040001 -0.026757 0.048377
0.039999 -0.012933 0.053573
-0.040003 0.014754 0.026417
0.039996 0.026032 0.053259
0.018293 -0.048610 0.059967
-0.002799 0.009799 0.000000
0.028882 0.053868 0.037442
0.013763 -0.005290 0.025996
-0.031888 0.032115 0.011944
0.024950 -0.009586 0.001809
-0.016889 0.051435 0.021560
0.021377 0.019239 0.025996
-0.020827 0.005682 0.038370
-0.025042 -0.034003 0.065575
-0.001357 -0.034002 0.041712
0.002079 0.033998 0.042313
-0.007391 -0.053569 0.025249
0.039999 -0.016750 0.031293
-0.017373 -0.042009 0.005227
0.038521 -0.054000 0.050692
0.012299 0.053996 0.052035
-0.039750 -0.032795 0.025561
0.017087 -0.029045 0.000000
0.023253 0.033999 0.040700
0.024211 -0.047937 0.015494
0.036882 -0.033641 0.045713
-0.016737 0.031024 0.025996
0.011355 -0.033667 0.026003
-0.039756 0.034030 0.059346
-0.012543 0.053994 0.070951
-0.027244 0.053694 0.042011
0.008579 0.036977 0.000734
0.013047 0.003819 0.009013
-0.014992 -0.005099 0.000000
0.015175 -0.009503 0.053759
0.031993 0.028242 0.012133
0.039449 0.015494 0.031996
-0.032159 -0.042216 0.042033
-0.024746 -0.050457 0.019859
0.000231 -0.051164 0.059096
0.010359 0.033999 0.026046
-0.038573 0.032166 0.031996
0.006731 0.034472 0.075606
-0.022927 0.040619 0.060515
-0.023900 -0.017500 0.031898
-0.016014 0.022138 0.000000
0.000629 0.046679 0.013321
-0.040003 0.017745 0.051966
-0.004374 -0.031234 0.000000
-0.011892 0.006590 0.014865
0.038211 0.042091 0.046644
0.031998 -0.002049 0.036099
-0.003588 -0.024562 0.025996
0.039943 0.004717 0.053798
0.011536 -0.034000 0.053463
-0.018450 -0.031795 0.043369
0.040000 -0.034239 0.028771
0.035404 0.049356 0.022187
-0.030859 -0.007182 0.010163
-0.015445 0.000766 0.053910
0.023979 -0.018853 0.025996
-0.031369 -0.034587 0.011047
0.023700 -0.034056 0.065797
-0.034045 -0.011877 0.043724
-0.023264 -0.049615 0.059775
0.028756 0.008830 0.006527
