-0.005783 0.005000 0.038893
0.007529 -0.005947 0.000008
-0.013701 0.010742 0.011304
0.011139 -0.010031 0.056203
-0.008750 -0.014627 0.020134
0.012167 0.012085 0.019749
0.007500 0.012976 0.056204
-0.011976 -0.009026 0.056200
0.013135 -0.010275 0.021211
0.002831 -0.013017 0.038255
0.013306 0.002970 0.040658
-0.011450 -0.006440 0.002993
0.003282 0.012447 0.002711
-0.011110 0.009905 0.056308
-0.014735 0.000618 0.024954
-0.003892 0.014360 0.024759
0.003564 -0.016876 0.010611
0.017199 0.000537 0.010470
-0.010782 -0.008536 0.041524
-0.000642 -0.014988 0.051339
0.004445 0.013185 0.042796
0.003934 -0.001237 0.031996
-0.008042 0.006052 0.000322
0.014813 0.002329 0.053736
-0.017608 -0.001275 0.012743
0.002209 0.017640 0.014204
0.005258 -0.004254 0.046848
-0.014409 0.001838 0.047397
0.014308 0.001304 0.025487
0.002244 -0.013924 0.025849
0.006044 0.010771 0.030915
-0.001702 0.006436 0.050212
0.013236 -0.010418 0.009266
-0.009008 -0.008278 0.029963
0.012710 0.010657 0.008562
-0.001736 -0.012016 0.001980
-0.008799 -0.014459 0.009493
0.011293 -0.006785 0.037163
0.009742 0.004282 0.000739
-0.012935 0.010271 0.021630
-0.007332 0.000267 0.056337
-0.005328 0.015261 0.007559
-0.001832 -0.002035 0.000000
-0.002374 0.014807 0.055673
-0.004249 -0.005845 0.049161
-0.012909 -0.000970 0.035391
-0.009728 0.010562 0.046140
-0.009079 0.008268 0.030337
-0.015383 -0.007551 0.019818
0.001950 -0.007176 0.056431
0.011294 0.009300 0.048228
-0.001736 0.012867 0.035698
0.005791 0.003933 0.055080
-0.007723 0.015966 0.016464
-0.002853 -0.006114 0.036297
0.005055 0.005349 0.037994
-0.014510 0.001795 0.004849
0.008627 -0.008452 0.028821
0.013785 -0.005254 0.049150
0.007399 -0.012668 0.048511
0.004528 0.015487 0.022497
-0.000589 -0.017474 0.018329
0.017192 -0.003056 0.018412
-0.003966 -0.013439 0.043494
0.016805 0.005334 0.017396
0.007720 -0.015781 0.017865
-0.014880 -0.009094 0.011453
0.011620 0.004826 0.032664
-0.001092 0.005443 0.031996
-0.002410 0.014319 0.047393
0.006939 -0.012633 0.004561
-0.013374 -0.006118 0.048775
0.013866 -0.003737 0.004493
0.005615 0.003800 0.047089
0.001762 0.005082 0.000000
-0.006598 0.000959 0.045705
-0.014719 0.002891 0.055259
-0.016804 0.005651 0.016531
-0.008000 -0.012586 0.050331
0.009605 -0.002489 0.056996
-0.005950 -0.000579 0.031996
-0.002607 -0.012162 0.031548
-0.004452 -0.011330 0.056996
0.004126 -0.005627 0.039439
0.009259 0.015119 0.013481
0.011377 0.008127 0.026003
0.004912 -0.014155 0.056210
-0.000050 0.007080 0.043029
-0.012927 0.004334 0.040635
-0.004148 0.007736 0.056996
0.012187 -0.002399 0.031427
0.004425 0.014174 0.049872
0.010090 0.009261 0.041114
-0.010201 0.010780 0.005180
-0.003720 0.011439 0.001881
0.010907 -0.008857 0.043811
-0.007573 -0.002350 0.039675
-0.008775 -0.000802 0.000000
0.011836 0.007628 0.056996
0.014455 0.004674 0.005729
