-0.007574 0.009641 0.000000
0.013370 -0.017416 0.006412
0.019638 0.009823 0.006380
-0.014434 -0.016586 0.006180
0.003029 0.010827 0.015985
-0.000335 -0.008143 0.015993
-0.021879 0.000220 0.006671
0.006792 -0.001623 0.000000
0.006385 0.020947 0.001384
-0.000602 -0.021025 0.000291
0.021451 -0.004873 0.002730
-0.010266 0.003480 0.016000
0.012798 -0.000705 0.014830
-0.007519 -0.005136 0.000000
-0.005674 0.020748 0.007308
-0.017794 0.012335 0.007124
0.009722 0.009755 0.000000
-0.010894 -0.007092 0.011657
-0.018340 -0.008088 0.000001
0.001024 0.005850 0.006148
0.006075 -0.012452 0.000000
-0.003840 -0.014326 0.008000
0.007928 -0.009241 0.009802
-0.006883 0.011027 0.010066
-0.014517 0.002260 0.000000
0.010425 0.007765 0.009890
0.012997 0.016963 0.007457
-0.012576 0.017808 0.001135
0.016856 0.003147 0.000000
0.000113 -0.005512 0.005732
-0.006927 0.000755 0.007481
0.002237 0.015653 0.008000
0.004312 -0.019037 0.008000
0.015168 -0.011024 0.000000
-0.008176 -0.014227 0.000000
-0.001928 0.016754 0.000000
0.019275 0.001469 0.008000
0.007414 -0.000052 0.008301
-0.001375 0.000620 0.000000
-0.014285 0.004749 0.008000
0.016095 -0.008584 0.008000
-0.017835 -0.009396 0.007993
-0.020882 0.006905 0.001924
-0.007371 -0.020725 0.004660
0.008072 -0.020165 0.000987
0.016242 0.014226 0.000796
0.006784 0.004085 0.015643
-0.001411 -0.010540 0.000000
0.002114 0.010290 0.000000
0.006620 -0.005010 0.016000
-0.003578 0.007078 0.015661
0.013923 -0.003686 0.000000
-0.014884 0.010800 0.000000
-0.015215 -0.002500 0.008000
-0.011616 0.015995 0.008000
0.002081 -0.012832 0.011397
-0.020428 -0.001389 0.000059
-0.006052 -0.011505 0.014001
0.000957 0.021979 0.005567
-0.007608 -0.002857 0.015960
-0.007759 0.002818 0.000000
-0.014932 -0.013888 0.000040
0.013743 -0.002299 0.008000
0.005487 0.004743 0.000000
-0.004634 -0.006525 0.010020
-0.001356 -0.021831 0.006688
0.007212 0.019749 0.007717
-0.009934 -0.012297 0.008000
-0.006863 0.020616 0.001002
0.010229 0.016102 0.000000
-0.013690 -0.003937 0.000000
0.007989 0.013256 0.008000
-0.001380 0.012926 0.012199
0.003419 -0.006757 0.000000
0.019202 0.008794 0.000345
-0.021289 -0.005536 0.004731
0.013077 -0.016697 0.000409
0.021968 0.001127 0.002581
0.003026 0.000466 0.004197
-0.002504 0.006505 0.000000
0.003235 0.010051 0.009758
-0.020112 0.005902 0.007751
0.009332 -0.007459 0.000000
0.010988 0.002534 0.000000
0.017426 -0.013427 0.004888
-0.004426 0.005969 0.008338
0.008287 -0.014771 0.008000
0.004162 0.015742 0.000000
-0.012275 0.010227 0.008000
0.015608 0.005967 0.008000
0.011500 -0.006061 0.013106
-0.008966 0.009003 0.015043
-0.011740 -0.018509 0.001439
-0.011514 -0.009271 0.000000
0.008502 0.009484 0.014990
0.001341 -0.015630 0.000000
0.014353 0.011493 0.008000
0.019614 -0.004154 0.007999
-0.001886 -0.004928 0.000000
-0.004002 0.015488 0.008000
