0.004359 0.004454 0.020267
-0.025365 0.044146 0.033515
0.025269 0.044221 0.033508
-0.039768 0.011430 0.011651
0.039931 0.007590 0.037318
-0.021093 0.012801 0.037496
-0.005899 0.032873 0.011552
0.029343 0.017252 0.011713
0.004247 0.026676 0.036181
0.015496 0.043980 0.011506
-0.016282 0.011400 0.011500
0.017725 0.009059 0.037496
-0.025048 0.043825 0.011500
-0.004807 0.044296 0.029135
-0.039977 0.005568 0.033692
0.010029 0.021205 0.011500
-0.017945 0.027917 0.025871
-0.002521 0.008766 0.037496
0.018661 0.029431 0.025237
-0.031224 0.017296 0.024871
-0.004069 0.018655 0.024033
0.029613 0.017296 0.028496
0.010914 0.044296 0.026739
0.018452 0.010437 0.020314
-0.007015 -0.000391 0.011725
0.039898 0.011434 0.019895
-0.010035 0.022271 0.036798
0.007696 0.033900 0.017573
-0.012090 0.044296 0.017044
-0.014897 0.009969 0.025359
-0.019520 0.031231 0.012594
0.019428 0.031151 0.011714
0.025485 0.043832 0.020244
-0.014211 0.036931 0.034738
-0.003355 0.032077 0.024428
-0.027985 0.017296 0.012009
-0.035046 0.017153 0.037406
0.013356 0.018263 0.029359
-0.006646 0.019921 0.011500
0.013346 0.035197 0.034983
-0.023075 0.038715 0.022559
0.028635 0.006036 0.033056
0.010587 0.009393 0.011498
0.007628 0.008336 0.031728
0.006193 0.023394 0.022071
-0.006554 0.002438 0.022845
-0.028598 0.005418 0.033430
-0.013027 0.005296 0.035395
0.002382 0.037599 0.034644
-0.014067 0.019753 0.019630
0.039913 0.017144 0.032074
0.003710 -0.001934 0.011572
-0.039991 0.011609 0.022421
-0.005695 0.009839 0.015041
-0.023942 0.011296 0.019881
-0.015336 0.044296 0.027222
0.005717 0.043953 0.015203
0.016535 0.025362 0.036280
0.024242 0.017159 0.037401
0.019039 0.015911 0.011500
0.004585 0.016413 0.037496
0.028862 0.011296 0.020144
-0.021499 0.017296 0.028197
-0.005560 0.031313 0.035527
0.039533 0.017186 0.011622
0.004582 0.013733 0.023684
-0.017947 0.027932 0.035647
0.002637 0.039691 0.024732
0.015406 0.022580 0.019359
0.021744 0.011296 0.029169
0.022654 0.037838 0.027023
-0.007670 0.026480 0.018188
0.033033 0.013922 0.037496
-0.000963 0.006863 0.028657
0.023437 0.039486 0.012310
-0.039743 0.017271 0.029579
-0.032601 0.011296 0.017184
-0.014988 0.023522 0.011500
0.016399 0.043663 0.033793
-0.010074 0.013426 0.037496
-0.013362 0.037555 0.011500
0.016769 0.044296 0.020141
-0.021988 0.036427 0.030919
-0.006351 0.039835 0.021855
-0.005754 0.041756 0.011703
0.023165 0.017296 0.022680
-0.013136 0.017660 0.030192
0.035640 0.011296 0.027349
0.021211 0.034800 0.019155
-0.033919 0.011140 0.030107
0.011320 0.007695 0.023964
-0.000804 -0.002223 0.018742
0.013072 0.016107 0.037496
0.005757 0.015089 0.015305
-0.013019 0.006881 0.017775
-0.027365 0.017296 0.034100
0.005748 0.028335 0.011706
0.034277 0.017296 0.018348
0.012919 0.036180 0.011500
0.021477 0.035562 0.034758
