0.003065 0.008025 0.071045
-0.005546 -0.014144 0.000074
0.005547 0.016055 0.026156
-0.000642 -0.001764 0.104045
-0.004426 -0.010582 0.044062
0.014908 0.006052 0.000857
-0.017000 0.000122 0.021408
0.011858 -0.012182 0.021646
-0.009534 0.012905 0.000791
-0.004725 -0.010446 0.082849
-0.000338 0.011410 0.047528
0.010843 -0.003701 0.056046
-0.011440 -0.000646 0.060114
-0.007470 0.008615 0.088039
0.011455 -0.000718 0.085906
-0.006653 -0.015622 0.023926
0.008576 -0.000031 0.035573
0.012111 -0.011848 0.003514
0.016380 0.004535 0.018326
-0.010970 0.003370 0.036939
0.000057 -0.011467 0.066570
-0.016365 -0.002027 0.004687
0.004406 0.015871 0.009467
-0.009361 0.014050 0.017931
0.000209 0.000499 0.000000
-0.011411 0.001078 0.075266
0.001866 -0.016898 0.012343
0.010718 -0.004013 0.072150
-0.011075 -0.011969 0.011961
0.006998 0.009007 0.058284
0.002261 -0.011240 0.032583
0.004859 0.010375 0.084920
0.007833 -0.008385 0.044826
0.001534 -0.005005 0.092136
-0.005344 0.010125 0.059202
-0.005661 0.011842 0.029560
0.010185 0.005233 0.046444
-0.011383 -0.001417 0.048038
0.001528 -0.011352 0.054619
0.002549 0.006802 0.096263
-0.010890 -0.006038 0.029560
-0.011168 -0.002556 0.088900
0.016780 -0.002717 0.009152
0.015816 -0.002840 0.027069
0.003925 0.010315 0.035805
-0.014137 0.007875 0.009792
0.012557 0.007698 0.028408
0.001252 0.011381 0.000000
0.006036 -0.009758 0.083429
-0.007307 0.008832 0.069499
0.010643 0.013219 0.017493
-0.006843 0.002456 0.096890
-0.007834 -0.008240 0.072481
0.009831 -0.002640 0.000000
-0.003461 0.007831 0.078801
-0.014356 0.008861 0.025533
0.003287 -0.016639 0.024230
-0.008006 -0.008212 0.054517
0.008420 0.001271 0.064187
-0.014232 -0.009300 0.020870
-0.009376 0.003122 0.000000
-0.005379 0.015680 0.009192
-0.000006 0.016767 0.018101
0.003216 -0.009919 0.000000
0.008817 0.004603 0.078186
0.014545 0.008789 0.009963
0.001532 -0.008432 0.075315
-0.008763 0.007395 0.046246
0.010597 -0.013291 0.012529
0.006824 -0.001172 0.098593
0.009851 0.013552 0.002419
0.016259 -0.004962 0.018032
-0.009483 -0.005960 0.000000
-0.016328 -0.004243 0.013494
-0.008960 -0.005327 0.038297
0.007360 -0.008752 0.062380
-0.003709 0.007692 0.039166
0.010108 -0.008998 0.029560
-0.006724 -0.006725 0.064082
-0.009995 0.005202 0.054233
0.004648 0.002402 0.089531
-0.004566 -0.005505 0.097699
-0.005094 -0.016045 0.008056
-0.008523 0.000892 0.067605
0.005068 -0.016228 0.004847
-0.013632 0.001641 0.029414
0.001254 0.011398 0.063820
0.006869 0.005264 0.000000
-0.009767 -0.004293 0.081165
-0.014583 0.006925 0.017766
-0.005173 -0.015634 0.016083
-0.010813 0.003552 0.082855
-0.011998 -0.012038 0.004199
0.001815 -0.008451 0.039928
0.007941 0.003023 0.053524
-0.004747 -0.010800 0.029560
0.000396 -0.011455 0.088331
0.000451 0.008569 0.054482
0.010375 -0.004861 0.079667
-0.002055 0.016872 0.025305
