0.012884 -0.007483 -0.003546
-0.007402 -0.040532 0.001300
-0.012886 -0.000001 0.003539
-0.000137 -0.016830 0.013357
-0.006893 -0.016830 -0.011422
0.007223 -0.026895 -0.001989
0.006413 0.000000 0.011703
-0.000408 0.000000 -0.013352
-0.012893 -0.016513 0.003515
-0.001522 -0.007920 -0.001115
0.006350 -0.039579 0.004030
-0.004404 -0.027685 0.005762
0.011698 -0.016803 0.006457
0.006800 -0.016816 -0.011503
-0.005190 -0.005182 0.012314
0.000694 -0.036285 -0.007486
-0.010764 -0.003615 -0.007916
-0.004475 -0.026323 -0.005553
0.012864 -0.000046 0.003615
0.009199 0.000000 -0.009617
0.002914 -0.021073 0.004773
-0.000044 -0.009889 -0.013364
0.006751 -0.009917 0.011533
0.011157 -0.016830 -0.003021
-0.012379 -0.012511 -0.005035
-0.008099 -0.013572 0.010630
0.004319 -0.029906 0.005996
0.006574 -0.007920 0.002762
-0.001640 -0.037552 0.007296
-0.005395 -0.019544 0.000019
0.001983 -0.020337 -0.005044
0.007950 -0.008368 -0.010740
-0.012217 -0.008237 0.005413
-0.000764 0.000000 0.007483
-0.006464 -0.032587 -0.000529
0.007164 -0.001399 -0.001954
0.000210 -0.040590 -0.000854
-0.000314 -0.007920 0.006746
0.006339 -0.034745 -0.002199
0.002038 -0.004348 -0.007145
-0.004228 -0.000006 -0.006314
-0.007970 -0.003831 -0.000837
-0.007215 -0.009294 -0.011249
0.002285 -0.028976 -0.007140
-0.003265 -0.017610 0.006778
0.013073 -0.010846 0.002766
0.010784 -0.005340 0.007890
-0.009216 0.000000 0.009604
0.001770 -0.005116 0.013247
0.005641 -0.001054 0.004846
-0.000060 -0.016830 -0.012864
-0.005472 -0.038456 -0.005056
0.006412 -0.016830 0.010988
-0.006098 -0.004540 0.005648
-0.007485 -0.025747 0.000283
0.006362 -0.007920 -0.003829
-0.013030 -0.000020 -0.002966
-0.013329 -0.007488 -0.000937
-0.001698 -0.010537 0.013256
-0.005876 -0.003075 -0.012000
0.005581 -0.018180 -0.000260
-0.007754 -0.016830 -0.005191
-0.003778 -0.006604 -0.006782
0.011256 -0.012249 -0.007204
0.013120 -0.000025 -0.002534
0.004784 -0.003133 -0.012476
-0.002829 -0.032038 -0.005202
-0.002239 -0.016830 -0.007360
-0.002397 -0.000028 0.013147
0.004467 -0.039652 -0.004652
-0.004581 -0.033333 0.004850
0.013263 -0.005298 0.001631
0.006312 -0.016830 -0.005885
0.010780 -0.011279 0.007895
0.000224 -0.025108 0.007520
0.006839 -0.024646 0.003082
0.003206 -0.035313 0.005857
0.006353 -0.016830 0.005240
-0.009029 -0.008192 0.009854
-0.007430 0.000000 0.002975
-0.004653 -0.022373 0.004580
-0.013206 -0.016830 -0.001889
0.010881 -0.004743 -0.007757
0.001786 -0.016830 0.008321
-0.008497 -0.016830 0.006505
0.004682 -0.012086 -0.012516
0.004972 0.000000 -0.006515
0.010427 0.000000 0.008344
-0.004791 -0.021102 -0.005738
0.007177 -0.032018 0.002176
-0.006019 -0.007920 0.001695
0.001213 -0.040590 0.004220
0.002601 -0.003852 0.008006
0.013268 -0.015967 0.001585
-0.013344 -0.012299 0.000705
-0.001302 -0.004980 -0.013299
0.006581 -0.021813 -0.003617
-0.004026 -0.012922 -0.012744
0.002990 -0.012914 0.013024
-0.009684 -0.013241 -0.009207
