0.010765 -0.002702 0.044856
-0.001046 0.000229 0.131153
-0.025074 0.006893 0.000005
0.014639 -0.021467 0.000000
-0.011549 0.003561 0.085584
0.016563 0.024006 0.008176
-0.016577 -0.023225 0.024552
-0.013176 0.023972 0.031829
0.029109 -0.002099 0.019753
0.009213 -0.005067 0.104280
0.013579 -0.025842 0.028265
-0.028577 0.001003 0.030590
0.001798 0.002683 0.000000
0.011355 0.004049 0.071102
-0.009403 0.027081 0.005950
0.012295 0.020369 0.033305
-0.010458 -0.005429 0.061642
-0.014797 -0.016649 0.000000
-0.010992 0.005056 0.109627
-0.009651 -0.007276 0.038092
0.023504 0.005070 0.000000
-0.005271 0.010887 0.048467
0.002145 -0.011892 0.081457
-0.000208 -0.029196 0.012752
0.007306 0.009290 0.090140
-0.024572 0.015776 0.017734
-0.026905 -0.008108 0.013085
0.002859 0.029052 0.019811
-0.007663 -0.009053 0.098428
-0.004744 0.011075 0.066646
0.024182 0.014871 0.021342
0.021436 -0.010780 0.033226
0.022892 -0.018110 0.015248
0.005934 -0.010399 0.063470
-0.002201 -0.022173 0.033906
0.004974 0.010978 0.108193
0.020339 0.005672 0.034365
0.003384 0.018842 0.000000
-0.015161 0.008399 0.035864
-0.001308 -0.005912 0.116363
0.000872 -0.013356 0.000000
0.025739 -0.010379 0.001760
-0.010800 0.012773 0.000000
0.007201 0.007203 0.056650
-0.002008 -0.011691 0.050543
-0.012477 -0.002012 0.000000
-0.022491 -0.012280 0.032582
-0.005613 0.010589 0.097069
0.004840 0.008986 0.038145
-0.013822 -0.025714 0.010814
-0.009316 -0.006153 0.075655
0.011302 -0.004058 0.088669
0.012653 -0.006000 0.000000
0.008249 -0.013470 0.036472
-0.001515 0.010960 0.079892
-0.004620 -0.025815 0.000236
0.005756 0.004887 0.120358
-0.014155 0.024347 0.018342
-0.021136 0.020137 0.004562
0.000007 0.025707 0.032550
-0.025132 -0.006425 0.000000
-0.011898 -0.000561 0.049306
0.012293 -0.025915 0.015164
0.014757 0.024006 0.021092
-0.028612 0.004588 0.012981
-0.023559 0.016408 0.030470
0.024717 0.014300 0.008658
0.015266 0.014529 0.000000
0.002949 0.029046 0.007283
0.002251 -0.029104 0.024806
-0.006420 0.004371 0.120996
0.003299 -0.011597 0.093747
-0.005266 0.015346 0.036301
-0.022352 -0.018785 0.015296
-0.007843 -0.009186 0.086728
0.028984 -0.000796 0.008288
0.000015 -0.011434 0.106472
0.010436 -0.005956 0.076389
-0.012735 -0.017903 0.034029
0.006026 -0.028172 0.003267
0.028059 -0.001887 0.031065
-0.010968 0.004765 0.073558
-0.011972 0.001354 0.097759
-0.028084 -0.007985 0.024071
-0.008843 0.004990 0.058362
-0.019038 -0.002074 0.035144
0.009985 0.005224 0.100265
0.005927 -0.005258 0.124656
0.009801 -0.003465 0.055863
-0.009397 -0.005727 0.109003
-0.024394 -0.016054 0.004987
-0.007697 -0.027937 0.020525
0.022083 0.016033 0.031886
0.021093 -0.018565 0.025812
-0.003058 -0.011658 0.069034
0.010366 0.003779 0.081645
0.012066 0.004553 0.000000
-0.006519 0.027731 0.024680
0.010386 0.002531 0.111302
0.028130 0.007288 0.015410
