-0.060905 -0.026458 0.003178
0.082127 0.022126 0.035103
0.030602 -0.050511 0.003080
-0.042317 0.024030 0.036278
-0.017167 -0.046217 0.039796
0.075871 -0.036244 0.037682
-0.082146 0.017362 0.008414
0.065040 -0.007159 0.000258
-0.008163 -0.032793 0.000330
-0.073358 -0.009514 0.040000
0.034976 -0.031601 0.039400
-0.042781 0.008416 0.000079
-0.039501 -0.018983 0.031510
0.064403 -0.041802 0.004865
0.062448 -0.005366 0.034533
0.064948 0.025608 0.006666
0.012443 -0.051930 0.029367
-0.035600 -0.044000 0.011898
-0.082448 -0.009173 0.000110
-0.057181 0.028288 0.013228
0.082444 -0.016877 0.019331
0.042279 -0.028002 0.013308
-0.067644 0.015912 0.034436
0.014888 -0.031869 0.012641
0.053587 -0.045587 0.028399
-0.062632 -0.029705 0.028566
0.082444 0.007722 0.011439
-0.009124 -0.051600 0.016783
-0.018184 -0.028316 0.022570
-0.039556 -0.014850 0.007257
0.001742 -0.031565 0.036534
-0.039556 0.003784 0.023625
-0.068559 -0.001464 0.018035
-0.040472 -0.042191 0.036529
-0.082452 -0.020190 0.020723
0.007580 -0.050328 0.000841
0.062448 0.015650 0.026546
0.056308 -0.026010 0.039631
-0.052269 -0.003251 0.039996
0.079610 -0.026909 0.000170
-0.064244 0.009138 0.000000
0.033388 -0.051395 0.024754
0.062040 -0.022870 0.019151
0.082444 0.001165 0.031961
-0.027946 -0.029834 0.000000
0.078103 -0.016566 0.040000
0.077431 -0.035853 0.018208
0.081976 0.026671 0.016135
-0.039556 0.020847 0.014547
-0.056061 -0.008131 0.000000
0.056569 -0.024849 0.000996
-0.020019 -0.047606 0.001618
-0.026269 -0.029585 0.039952
0.046344 -0.040745 0.000000
0.029081 -0.032147 0.000892
-0.052128 -0.037108 0.015588
0.018916 -0.031697 0.030452
-0.082452 0.005682 0.036306
0.062448 0.007734 0.010176
0.082420 -0.008782 0.003551
0.025594 -0.046747 0.040000
-0.045085 -0.033477 0.000000
-0.001362 -0.031265 0.018978
-0.024400 -0.048278 0.024298
-0.081873 0.019054 0.025495
-0.054192 -0.020297 0.039996
0.079976 0.020482 0.000422
-0.000333 -0.048264 0.039902
0.069908 0.008915 0.040000
0.017982 -0.052916 0.013595
-0.057021 0.027466 0.029650
0.041872 -0.046457 0.039535
0.045456 -0.047853 0.014502
-0.041043 0.008244 0.039112
-0.033011 -0.025028 0.017736
-0.052985 0.020511 0.000116
-0.068240 -0.018526 0.014471
0.045327 -0.027199 0.028565
-0.067644 0.017138 0.013257
0.070936 0.028339 0.026532
0.006866 -0.035088 0.000072
0.028511 -0.030730 0.018836
0.069698 -0.010882 0.014028
0.073112 0.005658 0.000000
-0.076910 0.003558 0.005438
0.061652 -0.040010 0.039769
-0.053413 -0.035034 0.038899
-0.053966 0.015763 0.039996
0.012357 -0.040737 0.040000
-0.065572 0.002752 0.039998
0.064153 -0.041905 0.019286
-0.012261 -0.032677 0.039866
-0.070471 -0.017734 0.028611
0.065816 0.022543 0.038585
0.082444 -0.026176 0.030086
0.075141 0.010073 0.023422
0.019317 -0.042454 0.000000
-0.039556 -0.009954 0.020468
-0.006348 -0.050670 0.003000
0.073964 -0.009862 0.027973
