-0.022002 0.019375 0.011751
0.022770 -0.019429 0.021329
-0.017307 -0.023987 0.002227
0.020499 0.019238 0.000634
0.004014 0.027188 0.024312
-0.026531 -0.006863 0.024343
0.026062 0.007367 0.024448
-0.002739 -0.026871 0.024469
0.007546 -0.014897 0.000086
0.029499 -0.003784 0.002590
-0.027473 -0.001682 0.000305
-0.002137 0.028306 0.000793
0.010156 -0.028228 0.011865
-0.019535 -0.022748 0.019944
-0.010307 0.012660 0.000368
0.019548 0.022322 0.017865
-0.017838 0.007451 0.022863
0.017153 0.005441 0.009519
-0.015593 -0.008985 0.009548
0.023085 -0.019156 0.004492
-0.012143 0.023247 0.024593
0.006356 0.017578 0.009564
-0.001694 -0.028311 0.000774
-0.029747 0.003886 0.014186
0.029122 -0.005768 0.017573
-0.004603 -0.018744 0.012074
0.008515 -0.017318 0.024518
-0.007233 0.020803 0.011613
0.016512 -0.009995 0.012896
-0.024354 0.011952 0.000165
0.016147 -0.004309 0.000081
-0.017183 0.005338 0.009473
-0.008249 -0.014557 0.000071
0.010744 0.027710 0.002550
-0.028290 -0.009851 0.011852
0.028275 0.009788 0.004690
-0.016105 0.024081 0.001329
0.018610 -0.005581 0.024571
0.003015 0.029845 0.012151
-0.024258 -0.013762 0.000494
-0.015251 -0.011864 0.023867
0.009413 0.016850 0.021181
0.011515 0.011330 0.000677
0.013117 -0.025201 0.000911
-0.022598 0.018087 0.023300
-0.010223 -0.028204 0.015654
-0.016091 -0.001951 0.000547
0.000207 0.017034 0.000005
0.025202 0.013158 0.014952
0.008314 -0.017420 0.013034
-0.019326 -0.002222 0.017419
-0.023014 -0.019243 0.010314
-0.005245 0.029538 0.019151
-0.002722 0.019108 0.021293
0.009640 -0.027834 0.022579
0.029752 0.003842 0.013238
-0.013801 0.013492 0.015271
0.016807 0.009491 0.019983
0.000082 -0.028002 0.014402
-0.027373 0.003618 0.024260
0.020753 0.004778 0.000000
0.027765 -0.011360 0.009179
-0.009514 -0.019877 0.021395
0.016212 0.015568 0.010781
0.019001 -0.023212 0.012759
0.012672 0.027192 0.012367
0.021446 0.000954 0.017709
-0.027130 0.012804 0.016683
0.023335 -0.010667 0.000000
-0.009746 -0.028260 0.006144
-0.024065 -0.014426 0.019153
0.022109 0.015968 0.024389
-0.014547 -0.017233 0.013925
0.001243 -0.020101 0.019273
-0.009872 0.028292 0.006768
0.013039 0.025169 0.023817
-0.014966 0.023981 0.015622
-0.000360 -0.017225 0.004096
0.021592 -0.003156 0.009564
-0.029067 0.005767 0.005268
0.025601 -0.011292 0.024071
-0.007657 0.021366 0.000000
-0.017171 0.006817 0.000000
0.015686 -0.014159 0.020589
0.016220 -0.015966 0.000000
-0.016115 -0.010666 0.000000
0.008769 0.019605 0.000000
0.026400 -0.001313 0.024575
0.018996 0.023216 0.008139
0.004955 -0.023033 0.000000
-0.016615 -0.024740 0.010599
-0.014566 0.015212 0.023477
0.004073 0.022248 0.017461
-0.029902 -0.002285 0.008321
0.024758 0.016915 0.007457
-0.026207 0.013013 0.008302
0.015446 -0.022156 0.024470
-0.022754 0.019473 0.003386
0.005209 -0.029544 0.005287
-0.008114 -0.022888 0.000000
