0.001294 0.013306 -0.049770
-0.002065 -0.011786 0.066244
-0.014887 -0.000615 0.007525
-0.012726 -0.026298 -0.062175
0.012669 0.007968 0.034976
0.010638 -0.010541 -0.020319
0.022358 -0.014392 -0.062127
-0.028545 0.003443 -0.061931
-0.012778 -0.007750 0.037955
-0.011873 0.009040 -0.023187
0.014105 0.004867 0.004792
-0.006019 0.013215 0.054807
-0.008381 -0.012233 -0.039499
0.024072 0.011610 -0.062246
0.006355 -0.013559 0.021364
-0.016302 0.024601 -0.062174
-0.000097 -0.005770 -0.064556
0.008585 -0.012217 0.045574
-0.007260 0.013073 0.024447
0.013190 -0.005230 -0.043117
0.010037 0.011148 -0.024762
0.001624 -0.012432 -0.000486
0.011542 0.004987 0.064508
-0.003293 0.012914 -0.004151
0.006114 -0.023951 -0.052590
0.010377 0.026684 -0.062093
-0.011141 -0.009832 -0.015952
-0.021481 -0.011956 -0.053279
-0.013416 0.005568 -0.041342
-0.014302 -0.002995 0.055444
-0.011516 0.007756 -0.064556
-0.010146 -0.009484 0.021227
0.007725 0.009002 -0.064556
0.026941 -0.001585 -0.052556
0.008087 0.010493 0.019067
-0.008945 0.007917 0.039761
0.012551 0.002753 -0.011191
0.008284 0.009212 0.049871
-0.001914 0.013384 -0.034450
-0.020533 0.013022 -0.052808
-0.004448 0.003279 0.066244
-0.008916 -0.003460 -0.052556
-0.003061 0.026684 -0.055134
-0.005382 -0.013863 0.050657
-0.013233 0.003300 -0.009454
0.005010 -0.013098 -0.033672
-0.006131 0.010955 0.010043
0.012165 -0.006422 0.032732
-0.013749 -0.004037 -0.028914
-0.000305 -0.013785 0.034111
0.014963 0.016920 -0.052556
0.017800 -0.001091 -0.064556
-0.006714 -0.017691 -0.052556
-0.012846 -0.012234 -0.064556
0.013980 -0.002377 0.017104
0.010559 0.008070 -0.038633
0.008626 -0.016862 -0.064556
0.009267 -0.007640 0.058989
0.004498 -0.000070 -0.052556
-0.000896 0.014374 -0.017392
0.013372 -0.001888 -0.030192
-0.010942 -0.008296 -0.002755
0.013335 -0.006494 -0.001851
-0.002498 0.017345 -0.064556
-0.012034 0.001521 0.028521
0.001436 0.014894 0.035851
-0.007214 -0.012453 0.008986
0.003450 -0.012820 -0.046508
0.014921 -0.001185 0.046412
0.005315 0.013955 0.005673
0.009474 -0.011307 0.009378
0.000714 -0.012992 -0.013041
-0.005711 -0.013550 -0.027174
0.014311 -0.014106 -0.052556
-0.020700 0.000583 -0.052556
0.016116 0.004532 -0.052556
-0.000430 -0.025190 -0.063283
0.016428 -0.024380 -0.058840
-0.009388 0.008557 -0.052556
-0.023740 -0.007327 -0.064192
0.002495 0.012366 0.063844
0.008180 0.012539 -0.006644
-0.012464 0.004926 0.017560
-0.012427 0.008230 0.000819
-0.011441 0.019599 -0.052556
0.028653 0.001366 -0.063218
-0.021751 0.011980 -0.063771
-0.012723 0.006192 0.049820
-0.010893 -0.005476 0.065490
0.015000 0.017058 -0.064556
0.006744 0.023579 -0.052556
-0.001640 0.004710 -0.062156
-0.016625 -0.021319 -0.053755
0.011611 0.003133 0.025711
-0.000923 0.012692 0.045746
-0.014615 -0.002075 -0.064556
0.004303 -0.002163 0.066244
-0.003152 -0.015443 -0.064556
-0.012488 -0.000254 -0.018939
0.014364 -0.001232 -0.020203
