0.007032 -0.001469 0.011609
-0.041948 0.009205 0.045362
0.000552 0.052876 0.033311
-0.041955 -0.008475 -0.005602
0.042894 0.009331 0.045333
-0.018160 0.034278 -0.005673
0.042817 0.010597 -0.005645
0.017544 0.035884 0.004894
-0.010615 0.019709 0.033362
-0.023882 -0.011069 0.023855
0.038149 -0.011069 0.019367
-0.036122 0.016364 0.013468
0.019518 0.024944 0.033362
-0.014911 0.004475 -0.008038
0.021011 -0.011005 0.045351
0.025833 -0.010808 -0.005898
0.000460 0.052948 -0.005581
0.015819 0.013272 -0.008038
0.038756 0.014672 0.019455
-0.000821 -0.011069 0.033345
-0.013513 0.038975 0.018148
-0.020073 -0.000926 0.045347
-0.035537 0.012379 -0.008038
-0.039572 -0.011052 0.038521
0.002038 -0.008743 -0.007964
-0.041955 -0.004095 0.015306
0.013370 0.004692 0.033362
0.002173 0.029442 -0.008038
-0.013543 -0.011069 0.005787
0.040944 -0.010622 0.039847
-0.031136 0.021350 0.032766
0.004612 0.048815 0.013789
0.019149 -0.011069 0.023573
0.002435 0.033718 0.033362
0.031022 0.022406 0.003816
0.042897 -0.006927 0.001555
-0.009036 -0.001469 0.020498
0.031057 0.002940 0.033362
0.015443 0.037985 0.022375
-0.041955 0.008172 0.027864
-0.024193 0.028293 0.009391
-0.024884 -0.009475 -0.007232
-0.000862 0.013171 -0.008038
-0.018092 0.034395 0.033286
0.026741 0.026686 0.018891
-0.002675 0.005710 0.033362
-0.029461 -0.011069 0.008091
-0.008870 0.043617 0.003466
0.022812 0.009279 0.045362
0.022046 0.027906 -0.008037
-0.021199 0.018881 -0.008038
-0.027161 0.006230 0.033362
0.018831 -0.011069 0.008002
0.028800 0.004317 -0.008014
0.033988 0.019415 0.033362
0.005471 0.018651 0.033362
-0.041955 0.005856 0.003947
0.010295 0.041767 -0.006603
0.042897 0.001709 0.013556
0.014792 -0.001373 -0.008038
-0.014315 -0.006227 0.033362
-0.003803 -0.001469 0.002495
0.042897 -0.000598 0.027197
0.028803 -0.010751 0.033362
-0.025924 -0.011069 0.038501
-0.008809 0.043679 0.029952
-0.024392 0.028094 0.023105
-0.011499 -0.008696 -0.008012
0.004812 -0.001469 0.024873
-0.033486 -0.001302 0.045362
0.031445 -0.002768 0.045362
-0.031840 0.020646 0.001685
-0.037001 -0.011069 0.025508
0.031964 -0.011069 0.007627
0.031650 0.017081 -0.008036
0.040097 0.013331 0.006684
-0.003601 0.040966 -0.008038
-0.009075 0.023207 -0.008038
0.011554 -0.008189 0.033362
-0.032593 0.000331 -0.005689
0.009374 0.044054 0.031850
0.022908 0.012874 0.033362
0.007185 -0.011032 0.003416
0.042822 0.010605 0.032782
-0.014856 0.008001 0.033362
-0.027051 0.009270 0.045362
0.036115 -0.005056 -0.008036
-0.041955 0.000457 0.036990
0.003395 0.002602 -0.005777
-0.005225 0.047262 0.019593
-0.014464 -0.011069 0.017341
0.009451 0.043976 0.004634
-0.040513 -0.010112 0.005606
-0.041955 0.007146 0.016476
-0.016300 0.036187 0.007542
0.017406 0.036022 0.033282
0.042897 0.000501 0.038349
0.011582 0.023569 -0.008038
-0.025195 0.008438 -0.008038
0.021146 -0.002968 0.033362
