0.066194 0.003064 -0.031015
-0.081689 -0.027398 0.020528
-0.021229 0.029923 -0.019181
0.009062 -0.029781 -0.019200
0.060104 -0.034383 0.022953
-0.081689 0.011253 -0.031014
0.060003 0.034376 0.022985
-0.062986 0.028397 0.022251
0.075287 -0.049634 -0.026361
0.044848 0.049760 -0.024152
-0.040003 -0.019137 -0.030946
0.019461 0.012795 -0.031015
-0.079589 -0.029637 -0.021682
0.078749 0.034704 -0.011606
0.046521 -0.026469 -0.019015
0.078749 -0.017878 -0.003813
-0.049532 0.011630 -0.020981
-0.060089 -0.003298 0.012369
-0.014524 -0.002224 -0.019015
-0.079434 0.029919 -0.005151
0.044673 -0.049500 0.001168
0.045406 0.020533 -0.019015
0.077107 -0.046288 0.002512
-0.061553 -0.029001 0.000273
0.058549 0.049760 -0.000043
0.077419 -0.022475 -0.031015
-0.071046 -0.005565 -0.012425
-0.018076 -0.029753 -0.019015
0.026483 -0.013202 -0.031015
-0.081689 0.009823 0.020174
0.048950 -0.049634 -0.031000
0.070057 0.049760 -0.031008
0.072877 0.018515 0.007443
0.004419 0.029896 -0.019015
-0.064253 0.030063 -0.030973
-0.060089 0.016958 -0.000104
0.065536 0.026650 -0.031015
0.059689 -0.031359 -0.000557
-0.062946 -0.016579 -0.031015
-0.028729 0.011672 -0.031015
0.001875 -0.011937 -0.030959
-0.002946 0.012674 -0.031015
-0.081689 -0.020321 -0.000257
0.047517 -0.007953 -0.031015
-0.060531 -0.023149 0.021027
0.025999 0.029900 -0.019209
0.077020 0.014154 -0.016482
0.061334 -0.049634 -0.011097
0.063068 -0.013922 -0.019015
0.074145 0.039017 0.007896
-0.035045 -0.003447 -0.019015
-0.081689 -0.008968 -0.029535
0.058925 0.032249 -0.009791
0.060795 -0.033369 -0.031015
-0.081689 0.011080 -0.011257
0.078749 -0.034965 -0.013638
-0.075695 -0.008755 0.022985
-0.080903 0.028450 0.014344
-0.063866 0.002992 -0.031015
-0.021283 -0.015339 -0.031015
0.027965 -0.029889 -0.019072
0.070076 -0.022486 0.012321
-0.081249 0.028104 -0.023435
-0.053357 -0.006296 -0.019015
-0.038369 0.025809 -0.024084
-0.062744 0.030063 -0.012585
-0.061751 -0.029199 -0.018011
0.048850 0.033562 -0.031015
-0.064064 0.010556 0.022985
0.069991 0.049760 -0.013399
0.049862 0.009084 -0.031015
-0.076377 0.014729 0.004625
0.043180 0.048132 -0.007295
0.014111 -0.013735 -0.019617
-0.035060 -0.029900 -0.019058
-0.014653 0.014518 -0.019015
0.045331 -0.045716 -0.015140
0.056664 0.034510 0.006643
0.060632 0.013214 -0.019015
0.060609 -0.046843 0.005332
0.078749 0.036041 -0.028179
0.034306 0.019946 -0.031015
-0.065761 -0.013293 0.000886
-0.004495 -0.020898 -0.019015
-0.066813 0.030063 0.006573
0.008470 0.014259 -0.019219
-0.045010 0.000026 -0.031015
0.037463 -0.013577 -0.019774
0.061846 -0.029201 -0.015913
-0.065759 0.009146 -0.012391
0.078633 0.018602 -0.031015
-0.081689 -0.016047 -0.015204
0.055262 -0.000962 -0.020063
0.076711 -0.007472 -0.028745
0.077838 -0.031343 0.002673
0.069105 0.022069 -0.006392
-0.074077 -0.029937 0.008055
-0.073681 -0.029937 -0.008224
0.070044 -0.038570 0.012964
0.027632 0.014723 -0.019015
