0.0033395323 0.0111002885 0.0013143449
-0.009225457 -0.005643088 -0.0036803584
0.005116856 -0.00568025 0.008673531
0.006594961 -0.005604755 -0.0075041642
-0.0064493185 -0.0007376025 0.0077362987
0.0019510409 0.0027648795 -0.0031173734
0.007955203 -0.00068359566 0.0021051262
-0.0037441307 -0.0012667497 -0.008127163
-0.0030624196 0.008678136 -0.0020116863
-0.0037125356 0.00035265274 0.0002966793
-0.0017322369 -0.0055922377 0.009033436
-0.008532577 -0.005159863 0.0030721298
0.009779599 -0.0056312545 -0.0019055367
0.0006413859 -0.0055005993 -0.009775696
-0.0021187922 0.010782463 0.0030795918
0.008923321 -0.0056778123 0.00428917
0.006469789 -0.0006805073 -0.0054897196
