0.011401282 -0.009336051 0.006799611
-0.012685493 0.007641417 0.00033690143
0.009026555 0.011879023 0.0007905597
-0.0071279067 -0.011963257 -0.00068894256
-0.0027828526 0.014078959 0.006944887
-0.014125657 -0.0037200311 0.0068168957
0.013055499 0.002838695 0.0080774585
0.0008522669 -0.0147203915 0.0068053454
0.012773099 -0.0023493576 -0.0015681543
-0.007897534 -0.010348624 0.00843131
-0.000347713 0.01250184 -0.0015681644
0.0027999114 -0.012852438 -0.001541643
-0.009784641 0.0082391715 0.008429665
-0.01225797 -0.004881523 -0.0013845727
0.0056391074 0.011845989 0.00821464
0.011200829 0.004927543 -0.0015492949
0.010664666 -0.009164504 -0.000612762
