0.001113695 0.030169874 -0.0068285516
-0.034961086 -0.06740135 0.0016221454
0.023247963 -0.029590527 0.0055893078
-0.052131835 -0.004302246 0.0005780576
-0.044360686 0.04172262 0.00077210536
0.0357152 0.010073462 0.000816397
-0.015003348 -0.019334335 -0.0038407582
-0.024884963 0.014695061 0.0083933985
0.008305222 -0.00071372406 -0.004463582
-0.0349516 -0.037656594 0.0055941907
0.027125666 0.033552077 -0.006518522
-0.05230575 0.018832728 -0.0029587713
0.0039160624 -0.021248404 0.0062242746
0.02747792 -0.009100757 0.00081176544
-0.03171515 -0.0075550987 0.00081624475
-0.012076886 0.011964834 -0.007460343
0.01465965 0.016334452 0.0031934218
