0.08414109 -0.0014165571 -0.013895107
-0.10067436 2.1940008e-05 0.040409043
-0.017653432 -0.0021860914 -0.013763383
-0.09158736 -0.0032776392 -0.041032154
0.032732423 0.0005714135 0.014876187
-0.05827735 0.00084410206 0.01487699
-0.09789371 -0.0032678903 -0.0009286602
0.10545793 0.0008002205 0.014728574
0.06680474 -0.00021680065 0.014877681
0.051082313 0.0013455031 -0.013860164
0.0144161405 0.0017051721 -0.013246924
-0.005360678 0.0016026925 0.014895424
-0.083634056 -0.0025727628 0.06653405
-0.06980255 -0.003294694 -0.012802749
-0.031842545 -0.0006643984 0.014878026
-0.043709457 -0.0032947639 -0.013416536
-0.082335725 0.00031117155 0.014878368
