-0.009687066 2.5296029e-05 -0.011627507
0.010884277 -0.004786664 0.015304147
0.015231869 -0.0049681156 -0.010493209
-0.014932802 -0.0048452658 0.010969734
0.0027866 0.0053405627 0.0015601673
0.003403344 2.5652123e-05 -0.01580353
-0.0017388137 2.5150528e-05 0.013044968
-0.01735246 -0.00018963996 -0.0012412682
0.016114313 -0.004973473 0.0037860195
-0.0076523167 -0.0049379766 0.002262909
0.005087683 -0.004971318 -0.005889212
-0.00634047 0.0045494516 0.00060345395
-0.0041438933 -0.004941681 -0.016898263
0.008857264 2.5103684e-05 0.0057750815
-0.0039715557 -0.0048140767 -0.0069700778
0.016686235 2.5646134e-05 -0.003883368
-0.005970925 -0.0048243417 0.017755456
