-0.030136483 -0.0007779242 -0.024872618
0.02543493 0.0016925634 0.011686907
0.01428652 0.0015535796 -0.030036034
-0.012889699 0.006620661 0.009588166
0.006435073 0.0013607646 -0.0024769262
0.029819524 -0.0032229568 -0.014283787
-0.0076795546 -0.0032532865 -0.028834606
-0.030136611 -0.0016493405 -0.00015792053
0.030626977 0.0016391681 -0.029942783
0.011478543 -0.0028542648 0.011908859
0.015974162 0.0011155009 -0.013819389
-0.015965901 -0.00091261195 -0.0031948024
0.029846033 0.0014530662 -0.0013120108
-0.02271161 -0.002274635 0.011344593
-0.0020029286 -0.0006707395 0.0074247224
-0.017260456 0.0016614823 -0.022642575
0.002915459 -0.00068806706 -0.022897193
