-0.065731892 -0.02988313 -0.02766027
0.07874882 0.04611102 0.001385104
0.04464078 -0.049449746 -0.029770086
0.000172966 0.029491639 -0.018687077
-0.07879958 0.028540628 0.022105025
0.06343488 -0.030750541 0.022861132
-0.060799833 0.028042313 -0.031013155
-0.004020296 -0.024231458 -0.025468783
-0.078518798 -0.025317784 0.022946954
0.07623962 -0.008963981 -0.030956842
0.04336723 0.04781964 -0.030199451
0.033138 -0.012088829 -0.029698454
0.07874712 -0.045745287 -0.030886406
-0.06009073 0.0014786933 0.013647817
-0.08134519 -0.0003430902 -0.029593725
0.07637156 0.014953989 -0.0084035685
0.0450033 0.0483651 0.0024543982
