0.015381147 -0.024340766 -0.054313973
-0.0043082526 0.011049105 0.06624309
0.0024600285 0.014041858 -0.00095476885
-0.016326373 0.024603074 -0.061583936
0.0094077485 -0.011586869 0.033547647
0.022506837 0.014389654 -0.061827876
-0.013336066 -0.0061600474 -0.03387361
-0.016681345 -0.02193466 -0.06296393
-0.012967212 0.0066322642 0.025388008
0.0020401822 -0.01475214 -0.008951667
0.013933598 0.0047768326 -0.03149442
-0.029221514 0.0012111082 -0.056114767
-0.010783041 -0.010299444 0.050202608
0.0058246013 0.013280586 0.04202074
0.009394147 -0.008393651 0.06385696
0.012887969 -0.0069298306 0.010320691
-0.014678376 -0.0024568485 0.0016808737
