-0.021147525 -0.008537993 0.04409633
0.042520646 0.009721379 -0.00601019
0.00037950856 0.052799173 0.031557668
-0.031820364 0.017777484 -0.007769075
0.03951024 -0.011066281 0.045361385
0.002136668 -0.008617739 -0.008015527
0.0109283 0.042221937 -0.005946914
0.028467841 0.024368353 0.033347696
-0.025835494 0.026625516 0.03333364
-0.03753973 -0.011002104 0.011110318
0.04050307 -0.011002977 0.016578719
-0.041945454 0.008680602 0.04519815
0.0021356433 -0.010724437 0.03343218
-0.013311692 0.03549577 -0.0076526105
0.027538281 -0.009946309 -0.0066989223
-0.023264475 -0.008644444 -0.007926351
0.0261067 0.02696976 -0.006611088
