-0.052269 -0.014999 -0.031015
0.078732 0.046369 0.001395
0.047834 -0.049634 -0.030982
0.015205 0.020001 -0.031007
-0.079292 0.027955 0.022691
0.061832 -0.029223 0.022915
-0.074951 -0.029937 0.020401
0.076472 -0.000329 -0.031015
-0.001714 -0.029883 -0.019015
-0.079288 0.030063 -0.030262
-0.031435 0.029758 -0.019015
0.048253 0.049760 -0.030790
0.037723 -0.011945 -0.021406
0.078749 -0.034597 -0.012160
-0.081675 -0.002402 -0.012226
-0.019399 -0.001422 -0.031015
-0.060089 0.000602 0.014537
0.044504 0.046872 0.003213
0.078749 0.033851 -0.030829
0.051431 0.018484 -0.019015
0.043864 -0.047815 0.002004
-0.060270 0.027844 -0.003876
0.077062 0.014132 0.000743
-0.081276 -0.027940 -0.031015
0.061933 0.030051 0.022985
-0.062270 -0.029718 -0.006814
-0.054260 0.014530 -0.031015
-0.030669 -0.029911 -0.019045
0.061145 -0.023790 -0.031015
0.013380 -0.012022 -0.031015
-0.007907 0.018627 -0.019015
0.074560 -0.016519 0.004932
0.072679 -0.049634 -0.030985
0.067908 -0.046079 0.006413
-0.081689 0.017845 0.000925
-0.081689 -0.008842 0.011888
-0.039442 0.000870 -0.019015
0.060624 0.030550 -0.001317
0.022271 -0.029912 -0.019044
0.067663 0.049760 -0.018355
0.031655 0.030029 -0.019056
0.056103 -0.034945 -0.012018
0.054112 -0.000112 -0.031015
-0.075803 0.008034 -0.031015
-0.061727 0.007185 -0.011538
0.034887 0.012063 -0.030931
-0.060089 0.021835 0.016419
-0.081689 -0.026753 0.000761
0.077242 -0.014186 -0.015564
0.074222 0.016952 -0.019729
