-0.014688 -0.016846 -0.052556
0.007382 0.009458 0.066244
0.007007 0.010583 0.001703
0.016462 0.024727 -0.062105
-0.005797 -0.012596 0.033632
0.022821 -0.013587 -0.062157
-0.019894 0.018405 -0.062167
0.009366 -0.011632 -0.026441
-0.004500 0.014282 -0.035775
0.006037 0.013727 0.035562
-0.013819 -0.005539 -0.010236
0.001027 0.001840 -0.064556
-0.014900 -0.000237 0.055415
0.003829 -0.014464 0.009183
-0.012769 0.007528 0.018801
0.010789 -0.010264 0.051801
0.013564 0.002461 -0.044627
0.003821 -0.026317 -0.061912
-0.028984 -0.002209 -0.062209
-0.011740 -0.006735 -0.032667
0.010334 0.009370 -0.019925
0.013938 -0.005128 0.027981
0.026971 0.006768 -0.060285
-0.002299 0.025043 -0.053315
0.012650 -0.006533 -0.007259
-0.002803 -0.011628 0.066244
-0.007208 0.012930 -0.011740
0.003357 -0.014462 -0.044933
-0.012161 0.002386 -0.050188
-0.011848 0.007211 0.037936
-0.012955 -0.007252 0.008024
-0.003233 0.012892 0.052470
0.009442 0.009219 0.018989
-0.005901 -0.013224 0.050117
0.011363 0.005979 0.049076
-0.013317 -0.005795 -0.064556
-0.000569 -0.013887 -0.014016
-0.009973 0.007799 0.003111
0.014677 -0.002902 0.010243
0.009275 0.014954 -0.052556
-0.014113 0.004793 -0.022821
-0.008035 0.008161 0.066244
0.007892 -0.011757 -0.064556
0.015058 -0.022383 -0.052629
0.010849 -0.005221 0.066137
-0.005395 0.015523 -0.064556
-0.010455 -0.023932 -0.064542
-0.005923 -0.012415 0.019346
0.013477 0.008542 -0.064556
-0.001709 0.014726 0.012204
