0.015307 -0.011069 0.025265
0.000475 0.052854 -0.005708
-0.041955 0.001873 -0.005603
-0.033996 -0.011069 0.045327
-0.019410 0.033077 0.033291
0.033944 0.019468 -0.005647
0.022634 0.030794 0.033328
-0.002190 0.001897 -0.008038
0.042788 0.002597 0.045362
-0.023147 0.029340 -0.000020
0.040503 -0.011064 0.004283
-0.020453 -0.011069 0.015695
-0.040868 0.011618 0.024400
0.002641 0.050786 0.024018
-0.005989 0.007124 0.033362
0.041645 0.011783 0.019495
0.008181 0.027131 -0.008038
0.016345 -0.011069 0.000974
0.016764 0.036663 0.011513
0.038355 -0.011069 0.027232
-0.022135 -0.009491 -0.007216
0.021104 0.009322 0.045241
-0.024796 0.009330 0.045362
-0.000760 -0.001469 0.013832
-0.041955 -0.007623 0.014047
0.001333 0.027508 0.033362
0.026670 -0.011069 0.045193
-0.012507 0.039980 0.014520
0.017161 0.008188 -0.007785
-0.020854 0.010842 -0.008038
-0.036152 0.016334 0.006163
-0.012538 -0.011069 0.033330
-0.007926 0.036497 -0.008038
0.029785 0.023643 0.011836
0.034412 0.001219 -0.008035
-0.041955 0.004788 0.041262
-0.026353 0.026133 0.017897
0.032059 0.016104 0.033362
-0.032475 -0.011069 0.028142
-0.007605 -0.011069 0.001552
0.010576 0.003278 0.033362
-0.006014 0.018358 -0.008038
-0.029560 0.019860 0.033362
0.027000 -0.011069 0.013669
0.028000 0.000223 0.033362
0.042897 0.009231 0.003461
0.022799 0.030629 -0.002229
0.005591 0.047837 0.008589
-0.008254 0.044233 0.033348
0.010273 0.040577 0.033362
