0.001998 0.025438 -0.063401
-0.001032 -0.011920 0.066244
-0.005148 -0.012986 -0.004400
-0.012705 -0.026317 -0.056469
0.004415 0.013905 0.030086
0.025713 -0.008581 -0.055082
-0.013316 0.006419 -0.035161
-0.026696 0.001985 -0.064486
0.013059 0.007339 -0.019067
-0.004438 -0.014266 0.026623
-0.008739 0.012101 0.054554
0.000494 -0.002707 -0.064556
-0.005135 0.014050 0.000307
0.004462 -0.014255 -0.038769
0.014881 -0.001758 0.010335
0.014186 -0.004593 0.046077
0.010044 0.009649 -0.043905
0.010765 -0.026234 -0.062239
0.021334 0.012432 -0.064206
-0.014003 0.004994 0.019227
-0.017436 0.019428 -0.053328
0.010200 0.007144 0.064888
-0.009435 -0.007956 0.046702
-0.012871 0.002850 -0.014976
0.007538 -0.011686 -0.019426
