0.003303 0.037584 -0.008038
-0.039847 -0.010769 0.045362
0.041317 -0.010250 0.045318
-0.039474 0.002782 -0.008038
0.031626 -0.008695 -0.008010
0.000606 0.012891 0.033362
0.000480 0.052947 0.029463
-0.005184 -0.010928 0.002853
0.035923 0.017504 0.019607
-0.034168 0.018318 0.024346
0.020414 -0.011069 0.021585
-0.024445 0.028042 -0.002411
-0.031297 -0.011069 0.016969
0.026974 0.020408 -0.008036
0.018699 0.033239 0.033362
-0.010486 -0.011069 0.033344
0.023560 0.009070 0.045362
0.002139 0.011570 -0.008038
-0.022158 0.008917 0.045362
-0.015249 0.033076 0.033362
0.042897 -0.005308 0.013629
-0.010485 0.042002 0.011139
0.019030 0.034397 0.009563
-0.017768 0.003009 -0.008038
0.042897 0.009044 0.037454
