-0.070774 0.027753 0.022896
0.078749 -0.046225 -0.030775
0.044824 0.049760 0.001339
-0.010993 -0.020054 -0.030792
-0.081636 -0.027591 -0.021695
0.058406 -0.032689 0.022982
0.076622 0.012458 -0.031015
-0.051499 0.019263 -0.030565
0.000457 0.030008 -0.019080
0.037264 -0.015721 -0.019015
-0.062556 -0.020899 0.022985
0.072888 0.020775 0.009034
0.038649 0.022970 -0.027467
0.066270 0.049760 -0.030991
0.078749 -0.016701 -0.005751
-0.081634 0.009969 -0.009081
0.048765 -0.049634 -0.008728
-0.047589 -0.017793 -0.031015
-0.023454 0.007521 -0.019015
0.078042 -0.046937 0.001392
0.075498 0.049617 -0.001434
-0.079228 0.030017 -0.031015
0.063825 -0.020637 -0.031015
-0.081689 0.000932 0.018780
-0.061003 -0.013929 -0.005344
