-0.007492 0.013659 -0.026213
-0.094193 -0.016510 0.027320
0.084509 -0.018536 0.011887
-0.073527 0.016510 -0.026075
0.053870 0.018542 -0.026092
0.025125 -0.018542 0.011683
-0.038220 -0.017407 0.011887
-0.063838 0.016510 0.026199
0.007181 0.018542 0.011828
0.070469 -0.018473 -0.026213
0.068082 0.018413 0.011887
-0.050777 -0.016492 -0.026213
0.014898 -0.018542 -0.026162
-0.086427 -0.016510 -0.010798
-0.040311 0.016587 -0.006087
-0.093657 0.016114 0.004739
-0.006486 -0.011176 0.000068
0.084556 0.011228 -0.016123
0.051499 -0.005543 -0.002909
0.023233 0.015367 -0.016195
-0.020181 -0.018393 -0.026213
0.037626 0.017615 0.011887
-0.064099 -0.013725 0.026922
-0.061272 -0.003845 -0.001216
-0.019696 0.011176 0.011845
