-0.030784 0.012319 -0.014912
0.084499 -0.016374 0.011400
-0.093959 -0.016510 0.027345
0.037091 0.016460 -0.026528
0.010545 -0.016499 0.011572
-0.077846 -0.016219 -0.026528
-0.061242 0.016481 0.020851
0.082882 0.016431 -0.020525
0.055386 0.015023 0.011572
-0.004284 -0.016510 -0.026467
0.059580 -0.016510 -0.020334
-0.040152 -0.016510 0.011426
-0.088259 0.016475 -0.007396
0.005835 0.019050 -0.003440
-0.044062 -0.016510 -0.026476
0.044108 -0.016510 0.010034
-0.095287 0.016510 0.025049
-0.061374 0.016390 -0.026528
0.027070 -0.016510 -0.018088
-0.072463 -0.008890 0.004601
-0.017686 0.008639 0.011572
0.084499 0.012868 0.008627
0.027598 0.008636 0.011496
-0.014865 -0.016510 -0.000614
-0.006010 0.010799 -0.026528
