0.029517 -0.000091 0.001596
-0.028940 0.003006 -0.012944
-0.007854 -0.020789 0.022633
-0.002320 0.027693 0.010413
0.002411 -0.025864 -0.018001
0.007122 0.013994 -0.018001
-0.019257 0.006593 0.022477
0.013530 0.008483 0.022639
0.010795 -0.017566 0.005021
-0.013984 -0.014663 -0.001693
0.017931 -0.007578 -0.018001
-0.011110 0.008439 0.000883
0.013385 0.015294 0.002386
-0.028997 -0.003259 0.007044
-0.004578 0.028753 -0.009933
0.018015 -0.011162 0.022639
-0.012946 0.013041 -0.018001
-0.004220 -0.028833 0.005983
-0.014382 -0.006609 -0.017966
-0.003291 0.014580 0.022639
-0.013292 -0.007061 0.013738
0.021611 0.007755 -0.011494
0.014382 -0.001519 0.008970
0.002404 -0.013724 -0.007875
-0.014408 0.017135 0.012808
