0.009562 -0.010954 -0.001417
-0.015731 0.016302 0.022633
-0.003472 0.026783 -0.017130
-0.029130 -0.003755 -0.010595
0.017645 0.011107 0.022639
-0.012190 -0.016409 0.022639
0.018768 0.009704 -0.017946
0.003286 0.028610 0.008547
-0.005587 -0.024768 -0.018001
0.017093 -0.014495 0.022635
0.029457 0.002668 0.002930
-0.011650 0.010357 -0.000735
-0.003735 -0.029137 0.004914
-0.026263 -0.001778 0.012107
-0.011366 -0.010736 -0.001669
0.010757 0.011131 0.000857
0.018971 -0.009471 -0.017995
-0.018647 0.009750 -0.018001
0.001725 0.018295 0.022639
0.002368 -0.013812 0.013829
-0.014192 -0.007035 -0.018001
0.015869 -0.002228 0.011366
-0.014364 0.000336 0.022598
0.005994 -0.025452 -0.007163
0.008987 0.019752 -0.011690
