0.006890 -0.004407 -0.020125
-0.025348 0.018407 0.024720
0.025400 0.011824 0.024716
-0.007856 -0.018251 0.014915
-0.025400 0.018354 -0.015251
0.002858 0.020183 0.001917
-0.007874 -0.029644 -0.012984
0.022732 0.020602 -0.020024
-0.001252 0.006079 0.024729
0.025349 0.008036 0.000670
-0.017450 0.007040 0.004759
-0.002914 0.016525 -0.020125
0.006775 -0.005476 0.002747
0.007870 -0.028962 0.002948
-0.007874 -0.010593 -0.009488
0.009345 0.021560 0.021008
0.007874 -0.022912 -0.020047
-0.008754 0.021167 0.017070
-0.015778 0.003780 -0.020023
0.025226 0.003780 -0.016283
0.013206 0.003780 0.015706
0.010454 0.007250 -0.008107
-0.017619 0.003780 0.021320
-0.012974 0.020734 -0.004126
0.018286 0.021202 0.007284
