0.000464 0.006996 0.004833
0.009729 -0.016626 -0.005024
0.009729 0.016394 -0.005028
-0.000348 -0.009077 0.004998
0.009744 -0.000944 -0.005011
-0.003138 -0.001006 -0.004675
-0.002013 0.016394 -0.002257
0.010991 -0.008759 0.003296
0.011480 0.007722 0.002121
-0.001523 -0.016614 -0.003412
0.005822 0.016394 0.005071
0.003832 0.007715 -0.005080
0.003346 -0.008317 -0.005080
0.005659 -0.016626 0.005040
0.006834 -0.000244 0.005080
-0.003435 -0.000869 0.004154
0.010543 -0.009368 -0.004035
0.003530 -0.002026 -0.001270
-0.002234 0.009242 -0.001491
-0.001351 -0.016098 0.003716
-0.000903 0.014017 0.004374
0.011636 0.014734 0.001528
0.011623 -0.015551 0.001590
-0.002283 -0.006956 -0.001266
0.010343 0.009614 -0.004328
