0.000300 -0.026423 -0.000066
0.008908 0.037264 0.002484
0.008909 -0.059256 0.002516
0.002835 0.006012 -0.007528
-0.003922 -0.006424 0.007519
-0.005801 0.022863 0.000763
0.002856 -0.043979 -0.007535
0.004824 -0.011329 -0.007535
0.004867 0.012353 0.007496
-0.003925 -0.058846 -0.007530
0.004867 -0.039538 0.007504
-0.004259 -0.052908 0.006639
0.008931 0.022965 -0.002528
0.008824 -0.002074 0.002647
0.006113 -0.015393 0.005358
-0.004879 -0.003685 -0.004789
0.002835 0.032757 -0.007527
0.003403 0.027482 0.007535
0.008722 -0.034591 -0.002748
0.008931 -0.048004 0.001169
0.008931 0.012545 -0.002139
0.005393 -0.054545 -0.006077
0.007957 -0.020383 -0.003513
-0.002742 0.032598 0.001019
-0.002744 -0.050358 -0.002666
