0.002763 -0.038621 0.007423
0.004825 0.037264 -0.007510
-0.003862 -0.001945 -0.007535
-0.003892 -0.059256 -0.007527
0.004867 0.016709 0.007520
0.008899 -0.017501 0.002571
0.004865 -0.056198 0.007535
0.004850 -0.000781 0.007535
0.002915 -0.030099 -0.007535
-0.005801 0.026382 -0.000796
0.004925 -0.046005 -0.006546
0.004832 0.011516 -0.007535
0.004861 0.033794 0.007535
0.008013 0.024449 -0.003458
0.007640 -0.006403 -0.003830
0.001087 -0.026850 0.004301
-0.005153 -0.006412 0.003684
0.007601 -0.059164 -0.003870
-0.003265 -0.050678 0.000781
0.002842 -0.016556 -0.007535
0.008931 0.007967 0.002102
0.008931 -0.037090 -0.001511
0.007958 -0.046915 0.003512
0.003066 -0.010894 0.007535
-0.004580 -0.059249 0.005810
