-0.013311 0.013639 0.002004
0.012688 -0.097994 -0.002288
0.012744 0.079806 -0.001925
0.013357 -0.038699 -0.007563
-0.011675 -0.067241 0.004382
0.014998 0.040986 0.005129
-0.012754 -0.020928 0.007564
-0.015449 0.060206 0.000244
0.012592 -0.005557 -0.007269
-0.013150 -0.043143 -0.007479
-0.007227 0.036876 -0.007622
0.012228 -0.072208 -0.004117
-0.012333 -0.092988 0.001819
0.011807 0.015468 0.007618
0.006626 0.058303 -0.007622
0.009743 -0.022295 0.007618
0.006476 -0.053864 0.007524
-0.007590 0.079806 0.007611
-0.009409 -0.005596 -0.007622
0.009904 0.027300 -0.007622
0.005412 -0.084487 0.007541
-0.006136 0.046530 0.007618
-0.000571 -0.060082 -0.007622
-0.001889 -0.029977 -0.003381
-0.007499 -0.079179 -0.007622
