0.011439 -0.061638 -0.005952
-0.010963 0.079806 0.005911
-0.015193 0.006398 0.002769
0.014790 0.041894 -0.004894
-0.011068 -0.097994 0.005769
0.012808 -0.023045 0.007618
-0.015140 -0.042173 0.003016
0.015667 0.009090 -0.002629
-0.015403 0.049341 -0.000251
0.012228 0.070175 -0.007591
-0.009078 -0.017957 -0.007622
-0.010888 -0.070936 0.006122
0.011395 -0.088695 -0.006017
-0.005795 0.027325 -0.007287
0.006695 -0.039178 -0.007622
0.006574 0.056759 0.007618
0.008834 0.026074 0.007618
0.002758 -0.005543 0.003806
-0.007152 0.065806 -0.007622
-0.007760 -0.057093 -0.007622
0.008082 -0.075188 0.007618
-0.007653 -0.084313 -0.007622
0.011241 -0.048872 0.007618
0.007622 0.079806 0.007614
-0.006050 -0.027301 0.007537
