-0.059646722 0.026800705 0.03141704
0.0822848 -0.031796537 0.0034613498
-0.009960372 -0.05125671 0.027759988
0.06520779 0.023110932 0.03759376
-0.060224336 -0.026550822 0.0027192011
0.039638646 -0.048967924 0.037129954
-0.07980074 -0.0108474465 0.039038263
-0.082451954 0.008054141 0.0016644519
0.07492388 0.0123294145 0.00015470773
0.075500086 -0.03456517 0.03947636
-0.043294117 0.018551532 2.800574e-05
0.048113737 -0.027928483 0.0008714359
-0.055966668 -0.033555575 0.03902154
0.06401906 -0.008188561 0.028181773
-0.08245199 -0.020217426 0.014328818
-0.08215236 0.015036506 0.031495553
-0.036986176 -0.022235697 0.009094222
