0.027626267 -0.0036644135 0.024136065
-0.029505102 0.0036517875 0.0025696417
0.0057469397 0.029235775 0.0039385175
9.3280345e-05 -0.027999854 0.00093044975
-0.020498099 -0.01910403 0.024052203
-0.015920695 0.021144608 0.024571076
0.025467586 0.009617839 0.00019386769
0.024112409 -0.016530136 0.0016484995
0.011660322 -0.026109312 0.023637867
0.01810854 0.02178969 0.023846945
-0.020025961 -0.01771501 7.059735e-05
-0.028008314 0.00093027507 0.024048995
-0.018410584 0.021662364 0.0008239479
0.0010447315 0.027973855 0.024067556
-0.005467226 -0.02905739 0.022405667
-0.0043709856 0.015642114 0.0015307022
-0.028072713 -0.009578564 0.010056366
