-0.0027058441 -0.0022829366 0.01707508
0.025197908 0.044283565 0.033374306
-0.025134118 0.044289354 0.012318318
-0.03974423 0.009159012 0.037432536
0.039719548 0.0053188438 0.03676948
0.006102733 0.028507136 0.011768275
-0.027075492 0.011596557 0.011523446
0.034295693 0.016996093 0.011537398
-0.013429421 0.01856685 0.037121333
0.012498718 0.00573591 0.037479647
0.023900181 0.04173048 0.01154007
-0.023335807 0.041595813 0.034073237
0.014917526 0.008296583 0.011925546
-0.0057854494 0.044142693 0.0151142515
-0.016253158 0.02769681 0.011554769
-0.03932665 0.017282605 0.023414932
-0.012372448 0.007971749 0.011517866
