-0.007516 0.016132 0.015328
0.006 -0.012871999 0.056996
0.007512001 -0.016136 0.014668
-0.0063400003 0.013592 0.050995998
-0.007972001 -0.0041799997 0.031996
0.016115999 0.00752 0.014296
-0.010468001 -0.0046079997 0.001356
0.013592 0.006336 0.050995998
-0.013859999 -0.005744 0.056196
0.002604 0.00956 0.000212
0.011352 -0.003856 0.028152
-0.017632 0.00077600003 0.01732
0.0044879997 0.012024 0.027332
-0.009740001 -0.014583999 0.018068
0.012156 -0.0046079997 0.00284
0.004052 -0.0060799997 0.042228002
-0.002076 0.007724 0.038976002
