0.01450816 0.01450816 6.814835e-05
-0.01554425 -0.01554425 0.006261053
-0.0161977 0.01484246 0.001652704
0.01484246 -0.0161977 0.001652704
0.008153064 -0.0001734405 0.016
-0.01120405 0.0025 0.01594165
0.0 1.347111e-18 0.0
5.926143e-19 0.02135118 0.007474555
0.02197906 -0.0009596265 0.006
-6.3202563e-18 -0.021686781 0.0070745987
-0.02161771 -0.0009438496 0.0008528471
-0.003810257 -0.01041196 0.0159981
-0.0005326104 0.010987099 0.016
0.006151484 -0.01145248 0.008432029
0.007914825 0.0103148 0.0083651375
-0.008431546 0.010048331 0.008117157
-0.01234778 -0.005114617 0.008001522
