-0.0062175654 -0.037864335 0.0042168777
0.007795907 -3.903373e-08 -0.0108452765
-0.011019658 -2.1245121e-07 0.0075180875
0.009239887 -0.016163735 0.00965199
-0.0020622849 -0.018787015 -0.007234704
-0.007911025 -0.016629754 0.010767787
0.012216366 -0.000102519945 0.0054125376
0.0073755374 -0.02940256 0.00060434785
-0.0070948526 -7.9164835e-08 -0.011307946
0.011482889 -0.016306775 -0.006833005
0.0002174651 -0.040570613 -0.006405151
-0.0003316189 -0.0011659885 0.0133576
-0.006829621 -0.025334284 0.0013493606
0.0053523304 -0.039673775 0.00526105
-0.012972117 -0.016811458 -0.0032022581
-0.0026162113 -0.030790348 -0.006396193
-0.0006407796 -0.030003112 0.0073301867
