0.005135071 -0.0029689318 0.100872
-0.01292493 0.0074590677 8e-06
8.7070475e-05 -0.01148093 0.048251998
0.01695907 -0.001168932 0.018172001
-0.00151293 0.01137507 0.070412
-0.00827293 0.01077907 0.02956
-0.008016931 -0.01499693 0.017215999
-0.0013369301 -0.01140493 0.078736
0.007895071 -0.01298893 7.600001e-05
0.009923071 0.01219907 0.00042
0.006191071 0.00965507 0.046972
-0.0106449295 0.004287067 0.088467985
0.01124307 -0.002304932 0.062979996
0.0071190703 0.01543507 0.019124001
-0.01066893 0.0042230682 0.054272
0.006207069 -0.01208093 0.02956
0.01053107 0.004547068 0.084244005
