-0.039999876 -0.03857856 0.06408316
0.03953798 0.053984 0.030967584
0.024011437 -0.03419811 0.0012798413
-0.04000269 0.053403057 0.059524924
0.03985588 -0.0377659 0.06590412
-0.018579366 0.03466765 0.00012830808
0.006165241 0.03543023 0.075833395
-0.023092933 -0.039802644 0.00355029
0.039997086 -0.053544115 0.030399662
0.019610995 0.03420473 5.575325e-05
-0.008501473 -0.00010845062 0.0048026075
0.03983829 0.034614194 0.059916567
-0.03999871 -0.052854978 0.029857783
-0.039979964 0.05301915 0.029473297
-0.014347361 0.053912368 0.0688271
0.039910924 -0.053839948 0.054289427
0.038408577 0.05399141 0.05809385
