0.022532 0.034795 0.000816
-0.034971 -0.068271 0.002166
-0.052471 0.008999 -0.003561
0.022819 -0.029688 0.005994
-0.022641 -0.024299 0.006131
-0.012099 0.012668 -0.007434
0.031079 0.001755 -0.007006
-0.043971 0.042000 0.000805
0.001866 -0.012383 -0.003884
-0.030828 -0.003160 -0.003884
-0.020778 -0.048261 0.001131
0.011509 0.015237 -0.007464
-0.025019 0.016113 0.008899
0.036632 0.019977 0.000453
0.002342 0.031650 0.000530
0.020189 -0.011588 0.000816
-0.034971 -0.037840 0.006076
-0.013282 -0.003534 0.000816
-0.003689 -0.026577 0.005636
-0.052303 0.026881 -0.003884
0.016866 0.015933 0.009086
-0.036202 0.012555 -0.003424
-0.013613 0.027103 0.000519
0.000744 0.003772 -0.002747
-0.046224 -0.005193 0.000778
