0.075301 0.000978 0.007495
-0.100665 -0.003114 0.040904
-0.019399 -0.001833 -0.011281
-0.092178 -0.002806 -0.043406
0.024579 0.001581 0.014879
-0.068562 0.000205 0.001516
0.045866 -0.003203 -0.013866
-0.100656 -0.003295 -0.010115
-0.038741 0.001461 0.014879
0.106630 -0.003294 0.013395
-0.083178 -0.002282 0.066872
0.014157 -0.003268 -0.013890
-0.004943 -0.003201 0.014879
0.095947 0.001417 -0.013901
-0.091950 0.001705 0.015508
-0.045592 0.001672 -0.011607
0.050407 -0.003116 0.014879
0.067503 0.001310 -0.013203
-0.083678 0.001410 -0.023447
-0.001821 0.001696 -0.003702
-0.083178 0.001692 0.047859
0.030179 0.001575 -0.003615
-0.022200 -0.003295 0.007426
-0.056486 -0.003295 0.014862
0.092108 -0.003295 0.002973
