-0.013448 -0.002382 0.000485
0.014852 0.002208 0.006430
-0.002309 0.014690 0.006395
0.002017 -0.013669 0.007720
0.001452 0.001787 -0.001568
0.010656 -0.008210 -0.001220
0.008815 0.012038 0.000622
-0.005667 0.002961 0.008432
-0.005800 -0.011777 -0.001535
-0.009373 0.008849 -0.001566
0.004689 -0.002623 0.008432
-0.009469 -0.008904 0.008432
0.004379 0.007452 0.008432
0.003092 -0.013133 -0.001204
0.010041 -0.009736 0.007555
-0.013382 0.006555 0.005994
0.011341 0.003863 -0.001482
0.000305 0.011810 -0.001463
-0.005229 -0.003358 -0.001543
-0.012624 -0.001139 0.008432
-0.002973 -0.004457 0.008432
0.003537 -0.005540 -0.001466
-0.005119 -0.014070 0.005445
0.014300 -0.004763 0.004196
-0.007524 0.010068 0.008432
