-0.005820 -0.004885 0.004233
0.002536 0.011567 -0.001689
0.006653 -0.004020 -0.007469
0.005312 -0.000688 0.008556
-0.005402 -0.000683 -0.007614
-0.001814 0.004182 0.003364
0.002965 -0.005680 0.001002
0.001375 0.000985 -0.003397
0.008765 -0.000680 -0.000711
-0.000555 -0.005673 0.009968
-0.008835 -0.005672 -0.002832
-0.000329 -0.005680 -0.005909
0.009203 -0.005680 0.004143
-0.003489 0.010506 0.001362
-0.004748 -0.000680 -0.000905
0.000988 -0.000684 -0.009899
0.003763 0.005613 0.000452
-0.002285 -0.000708 0.006937
-0.001821 0.006059 -0.002398
0.002682 0.000107 0.002752
-0.009760 -0.000739 0.002399
0.003846 -0.005680 0.006508
0.001615 0.009756 0.003498
-0.002331 -0.005680 -0.000704
0.007327 -0.005680 -0.002328
