0.017721 -0.003114 -0.007984
-0.030033 0.001593 -0.029439
-0.019869 -0.002388 0.011392
-0.000853 0.001646 -0.029999
0.032792 0.001693 -0.029071
0.018769 0.001690 0.015581
-0.003167 0.001676 -0.002503
0.015888 -0.003239 -0.026446
-0.029365 0.001678 -0.002090
-0.006175 0.006895 0.012962
0.029533 0.001686 0.002308
-0.015304 0.001177 -0.022514
0.030761 0.001693 -0.014011
0.009681 -0.000962 0.004226
-0.016273 -0.001711 -0.001643
0.020347 -0.003307 0.005825
0.020353 0.001693 -0.017613
0.007044 0.001693 -0.022559
-0.012458 0.006550 0.004180
-0.002242 -0.000831 0.007432
-0.021092 -0.002800 -0.029592
0.027695 -0.003307 -0.022128
-0.028647 -0.002715 0.006776
0.027427 -0.003307 -0.005992
-0.009640 -0.002859 -0.029538
