-0.001538 0.003765 0.000812
0.017938 -0.004944 -0.005621
0.000202 -0.004928 -0.018750
0.010907 -0.004964 0.015309
-0.017752 -0.004958 -0.005957
-0.011151 -0.004939 0.015103
0.004963 -0.004955 -0.006265
0.017831 0.000013 0.005967
-0.017887 -0.000034 0.005662
-0.010816 0.000026 -0.015224
-0.000162 -0.000056 0.018780
0.011186 0.000011 -0.015076
0.001712 -0.004974 0.007972
-0.006355 -0.004974 -0.004807
-0.007985 -0.002622 0.005645
0.007779 0.000026 0.001880
-0.001434 0.000026 -0.011031
-0.012510 0.000026 -0.001232
0.011484 0.000026 -0.006767
0.003028 0.005513 -0.005748
0.011504 -0.004974 0.007196
-0.005360 0.000026 0.012746
0.005222 0.000026 0.012981
-0.001420 -0.003989 0.001009
0.005773 -0.004974 -0.013769
