-0.008541 0.014557 0.036044
0.000878 -0.001536 0.131028
0.013709 -0.025591 0.003035
0.004040 -0.010112 0.079944
0.021606 0.018856 0.002688
-0.027548 -0.008418 0.002796
0.024642 -0.004361 0.032820
-0.009739 -0.023389 0.032698
-0.013683 0.024568 0.002126
-0.002619 0.011496 0.102266
0.000287 -0.000427 0.000000
0.007262 0.009563 0.059377
0.017498 0.022462 0.030089
-0.029059 -0.002874 0.029798
0.028388 -0.005392 0.007753
-0.010981 -0.026869 0.007790
-0.010265 -0.005803 0.050487
0.013933 -0.025650 0.028389
0.003296 -0.011643 0.105778
-0.005366 0.010837 0.078737
-0.001687 0.028747 0.020391
-0.023387 0.015733 0.019703
-0.011307 -0.004316 0.092239
0.005519 -0.009604 0.037988
0.010671 0.005671 0.089352
0.007189 -0.009709 0.057750
0.027339 0.009515 0.019770
-0.023010 -0.017877 0.019639
0.004936 0.027737 0.002669
-0.025903 0.010252 0.001860
-0.010328 -0.004536 0.069271
0.008308 0.008483 0.040918
-0.009892 -0.001325 0.113072
0.009326 0.003629 0.113027
0.022344 -0.018781 0.015736
0.003387 -0.028999 0.015943
-0.000137 -0.017020 0.000000
0.016431 0.003184 0.000000
-0.015450 -0.008594 0.035727
0.009744 0.003230 0.073640
-0.007846 0.009206 0.054770
-0.028488 0.001692 0.014791
0.014295 0.025297 0.015008
-0.015039 -0.000195 0.000000
-0.002206 0.014538 0.000000
0.017417 -0.011573 0.000000
0.003131 0.023364 0.033394
-0.022168 0.009773 0.033135
-0.014669 -0.014930 0.000000
-0.014225 0.024658 0.026904
