0.008748 0.009917 0.011499
-0.039930 0.016941 0.037320
0.025271 0.044217 0.033514
-0.017867 0.044280 0.011779
0.039869 0.005606 0.037377
-0.007591 0.024546 0.036478
-0.022715 0.011561 0.011503
0.036378 0.017040 0.011526
0.009349 0.037871 0.011500
0.013125 0.005583 0.037480
-0.023983 0.041170 0.034095
-0.020163 0.005296 0.033752
0.002687 0.044296 0.032296
0.016535 0.024955 0.027704
-0.006208 0.024164 0.015500
-0.007447 0.000533 0.018918
-0.039969 0.017054 0.018074
0.025451 0.044073 0.015663
0.027595 0.011296 0.025783
-0.003726 0.007819 0.037496
-0.019550 0.031295 0.021738
-0.026200 0.017296 0.025729
0.002331 0.014912 0.024835
0.015973 0.023773 0.012137
-0.011308 0.044296 0.025866
0.003378 0.031498 0.024415
0.023085 0.011252 0.012083
0.006306 0.021278 0.036938
0.013643 0.044296 0.023412
0.039820 0.017229 0.029437
0.021960 0.016488 0.037496
0.006027 0.001608 0.022460
-0.005700 0.038046 0.014499
0.013907 0.036476 0.034802
-0.033808 0.005296 0.033714
-0.009122 0.011640 0.011499
-0.013137 0.017654 0.024580
-0.017987 0.017261 0.037265
0.014922 0.010080 0.025790
-0.025483 0.043803 0.021829
-0.018804 0.029724 0.034216
0.020425 0.033145 0.019067
0.027392 0.005296 0.037066
-0.006900 0.036840 0.034751
0.001987 -0.002186 0.011503
-0.016973 0.026226 0.011583
0.005732 0.020150 0.015258
-0.028928 0.014807 0.037496
-0.008220 0.007885 0.027292
0.003094 0.031811 0.035457
