0.002643 0.011160 0.041037
-0.000457 -0.001180 0.104195
-0.003510 -0.015055 0.000209
-0.010084 -0.005371 0.070055
0.003170 0.016698 0.008075
0.010786 -0.013136 0.026141
-0.017000 -0.000080 0.021939
0.009570 0.006315 0.080794
0.002696 -0.011147 0.050356
0.016746 -0.002682 0.003914
-0.014366 0.004753 0.000060
0.014994 0.008005 0.023714
0.000207 0.011470 0.062506
-0.009897 0.005783 0.087292
0.001668 -0.011273 0.084680
-0.011249 -0.001854 0.041253
-0.006413 0.015476 0.024507
0.008910 -0.007227 0.067709
-0.006223 -0.015028 0.018689
0.011112 -0.002821 0.038924
0.001704 0.002203 0.000000
0.011174 0.002524 0.055593
0.007987 -0.014981 0.010838
-0.008565 0.000522 0.056100
-0.014905 -0.007997 0.008332
-0.002648 -0.011158 0.032916
-0.010671 0.013189 0.011036
-0.002942 0.011062 0.076219
0.014308 0.009172 0.010154
0.005205 -0.000286 0.091860
0.015506 -0.003932 0.017326
0.010067 0.005478 0.068024
-0.009274 -0.006745 0.089298
-0.005940 0.006114 0.032992
0.005408 0.015508 0.020347
-0.002962 -0.010961 0.061499
-0.005316 0.013119 0.000000
-0.007754 0.008460 0.046845
0.007213 -0.009214 0.000000
0.000887 0.010922 0.087467
-0.012802 -0.009861 0.026989
0.006648 0.005412 0.031569
0.010164 -0.005271 0.079264
-0.000594 -0.011461 0.073072
0.009179 0.011027 0.000000
-0.016663 0.003380 0.011128
-0.007921 -0.004579 0.000000
0.004232 0.010648 0.052102
0.014650 -0.002200 0.028324
-0.009832 0.005746 0.069123
