0.072685 0.002209 0.031567
-0.082452 -0.009021 0.000073
-0.005791 -0.050697 0.037152
-0.040987 0.021359 0.038481
0.045889 -0.046216 0.000899
-0.055621 -0.032211 0.039789
-0.027810 -0.028115 0.000314
0.064429 -0.039587 0.039483
-0.080763 0.005986 0.039936
0.081801 -0.025338 0.001823
-0.045752 0.008748 0.000000
0.006582 -0.047338 0.000000
0.027239 -0.030894 0.031539
0.065693 0.021613 0.000649
-0.059570 -0.031277 0.007411
-0.065983 0.024755 0.018766
-0.039556 -0.008176 0.026357
-0.032684 -0.044963 0.024949
-0.079480 -0.020481 0.027258
0.056730 -0.024850 0.016305
0.080348 0.028317 0.023901
-0.006661 -0.030596 0.018059
0.082444 0.001356 0.006500
0.082444 -0.022774 0.028675
0.024210 -0.052504 0.017982
0.025746 -0.031087 0.004342
-0.068539 0.000102 0.018530
-0.019382 -0.029865 0.039340
-0.041860 0.028203 0.014694
-0.060051 -0.008118 0.039996
-0.016871 -0.049115 0.006138
0.046673 -0.047530 0.025077
-0.082386 0.014390 0.004806
-0.046128 -0.014243 0.000000
0.016900 -0.049744 0.039493
0.063767 0.021962 0.037744
0.063928 -0.010138 0.000895
0.062808 -0.016912 0.037660
-0.063106 0.019258 0.039996
0.066724 -0.040842 0.005069
0.005022 -0.031780 0.036532
0.046185 -0.029660 0.039745
-0.029093 -0.025122 0.020721
-0.041849 -0.041663 0.006757
0.003756 -0.052550 0.019378
0.062448 0.014265 0.019275
-0.063350 0.018344 0.000000
-0.062215 -0.002529 0.000000
-0.038084 -0.023279 0.039172
-0.039556 0.009346 0.018247
