-0.022191 -0.003301 0.019171
0.029545 0.004012 0.002811
0.002834 0.029771 0.021444
0.011029 -0.027733 0.021676
-0.018475 0.021229 0.000626
-0.011597 -0.025704 0.000664
0.006773 0.015820 0.000000
0.011151 -0.013723 0.000000
0.019298 -0.003931 0.024571
-0.018630 0.019694 0.024440
-0.012339 -0.024302 0.024395
0.023432 0.018732 0.020154
-0.027390 0.002758 0.000306
0.024317 -0.017565 0.012786
-0.003324 0.029814 0.004512
-0.024228 -0.014036 0.005064
0.005116 -0.029559 0.005079
0.022817 0.019404 0.003389
-0.027794 0.011289 0.014060
-0.005970 0.018355 0.014980
-0.003749 -0.018934 0.012434
0.017686 -0.003315 0.009274
0.011250 0.027809 0.008685
0.029583 0.004969 0.017946
-0.024171 -0.017767 0.019095
-0.015687 0.008392 0.006591
0.009178 0.016979 0.019989
0.026604 -0.010319 0.000912
-0.011059 -0.011713 0.000881
0.010405 -0.016656 0.013446
0.014887 0.010122 0.009564
-0.006490 0.015505 0.000046
0.018441 -0.017104 0.024600
0.001289 -0.019325 0.024571
0.017208 -0.024574 0.004266
-0.000497 -0.019179 0.000000
-0.016810 0.024778 0.012881
-0.002511 -0.029894 0.018671
-0.015822 -0.024158 0.012332
-0.009426 0.027809 0.022465
-0.022214 0.007810 0.024571
-0.017513 -0.003836 0.007779
0.029381 -0.005661 0.011926
0.019028 0.008264 0.024571
-0.029683 -0.004347 0.009750
-0.014634 -0.012586 0.023898
0.018090 0.003920 0.000000
0.027679 -0.011102 0.021759
0.003883 0.019689 0.009977
-0.015379 0.012404 0.016839
