0.004563 -0.014289 0.056035
-0.002374 0.009289 0.000004
-0.003933 0.012257 0.034852
0.005164 -0.016250 0.020102
-0.017325 -0.002820 0.017919
0.015818 0.007384 0.018442
0.010421 0.010779 0.056151
-0.014643 0.002825 0.056283
-0.008930 -0.009858 0.038085
0.012993 -0.002969 0.038333
-0.005594 -0.011426 0.002549
0.013209 -0.006639 0.005099
-0.009834 0.014718 0.016828
-0.004498 0.014301 0.050949
0.004987 0.016789 0.011857
-0.009983 -0.011195 0.053144
0.014610 -0.003386 0.053389
-0.009186 -0.015173 0.016477
-0.013908 0.000838 0.003926
-0.013336 0.003503 0.041795
0.008811 0.010584 0.041698
0.014127 -0.005723 0.024176
0.000413 -0.001038 0.031996
0.011464 0.007309 0.003520
0.004117 -0.013179 0.041930
0.005598 0.013490 0.025159
-0.011507 0.003592 0.028095
0.002542 -0.002253 0.000000
0.004947 -0.015471 0.007724
-0.003966 -0.012342 0.027190
0.011349 0.004366 0.029464
0.006647 -0.010461 0.031211
0.006039 0.002775 0.049652
-0.006361 -0.001939 0.048359
-0.011027 0.011098 0.006519
-0.014311 -0.008830 0.009165
0.017573 -0.002692 0.014274
0.012868 -0.012254 0.014056
-0.016380 0.006931 0.014384
-0.003339 0.006901 0.043756
-0.004617 0.005130 0.055659
-0.012291 -0.006547 0.026079
0.002608 -0.006762 0.049581
-0.004328 0.014030 0.025052
0.011450 -0.008632 0.046019
-0.004579 -0.013546 0.045679
-0.011924 0.008756 0.049468
0.004702 0.014008 0.049346
-0.002906 0.015621 0.006989
0.013743 0.003476 0.044785
