-0.018901 0.006626 0.007999
0.020658 -0.007499 0.001703
0.007842 0.020510 0.001618
-0.006919 -0.020848 0.001662
0.007382 0.003420 0.015973
-0.002900 -0.001688 0.000000
-0.006532 -0.009622 0.015897
-0.009530 0.019519 0.000991
-0.019750 -0.009238 0.001137
0.009336 -0.019272 0.007409
0.020006 0.009146 0.005885
-0.005602 0.011722 0.014152
0.007829 0.006837 0.000000
0.005175 -0.007055 0.008589
-0.010162 0.007695 0.000000
-0.012637 -0.003232 0.008215
0.002227 -0.014122 0.000000
0.014375 -0.000526 0.008000
0.004609 0.012156 0.009393
-0.012860 -0.014217 0.008000
-0.001147 0.021116 0.007636
-0.000619 0.013536 0.000000
0.010646 -0.005812 0.000000
-0.010918 0.003199 0.015963
-0.007500 -0.010775 0.000000
-0.017450 0.000578 0.000000
-0.002752 0.005763 0.006659
0.014349 -0.014935 0.000133
-0.003197 -0.014356 0.008000
0.013387 0.015776 0.007876
-0.012663 0.013846 0.008000
0.019025 0.001724 0.000000
0.014137 -0.009877 0.008000
0.011096 -0.005140 0.015578
0.002167 -0.012174 0.015459
-0.017950 0.012133 0.000901
0.001005 -0.021976 0.005715
-0.021451 -0.002875 0.007139
-0.004238 -0.005679 0.007680
0.004044 0.000603 0.004695
0.014503 0.012393 0.000000
0.011565 0.007455 0.008000
-0.014281 -0.015060 0.000150
0.001585 0.008903 0.016000
-0.010635 -0.003476 0.000000
0.021890 -0.001519 0.006454
-0.011326 0.006381 0.008979
0.002886 -0.006573 0.000000
0.006314 -0.020447 0.000574
0.000432 0.021006 0.000277
