-0.003781 -0.028104 -0.005508
0.007169 -0.000002 0.011279
-0.007224 -0.002126 -0.011243
0.011751 -0.012435 -0.006361
-0.010686 -0.012288 0.008023
0.003727 -0.039768 0.006535
0.005721 -0.016830 0.009013
-0.001115 -0.015624 -0.013317
0.006901 -0.000013 -0.011442
-0.013280 0.000000 0.001394
-0.000193 -0.007920 -0.000304
-0.012357 -0.016759 -0.005091
-0.007272 -0.040590 -0.001421
-0.001386 -0.027712 0.007329
0.013362 -0.001051 -0.000146
-0.005812 -0.000643 0.012032
0.004396 -0.038980 -0.006101
0.007427 -0.024429 -0.001059
-0.001617 -0.010393 0.013265
-0.005136 -0.019280 0.002191
0.012754 -0.010755 0.003991
-0.012406 -0.007142 -0.004965
0.000616 -0.006554 -0.013350
0.000742 -0.020100 -0.005550
0.005546 -0.033092 0.000721
-0.006264 -0.032467 0.001776
0.007725 -0.008634 0.010905
-0.006474 -0.004406 0.004344
0.006550 -0.004329 -0.004080
-0.007628 -0.010712 -0.010973
0.001025 -0.004475 0.007903
0.006863 -0.016794 -0.011465
-0.004359 -0.040197 0.006117
-0.003108 -0.036063 -0.006821
-0.000253 -0.000119 -0.007712
0.008153 -0.016830 0.001387
-0.006980 -0.000447 -0.003455
-0.004404 -0.016830 0.009682
0.003964 -0.029073 -0.006354
0.006709 -0.001401 0.003736
0.007791 -0.007655 -0.010856
-0.013332 -0.012149 0.000885
0.000115 -0.040590 -0.000003
0.003922 -0.022956 0.005255
-0.005479 -0.016830 -0.007523
-0.004174 -0.006424 -0.006371
-0.007431 -0.025675 0.000061
-0.000612 -0.034474 0.006494
0.006920 -0.007920 0.001730
-0.007304 -0.007268 0.011190
