-0.040002 0.000924 0.050044
0.039974 -0.053707 0.030044
0.039965 0.053758 0.030055
0.008619 0.000028 0.000873
-0.008844 0.053808 0.074447
-0.022359 -0.053892 0.025808
-0.024206 0.048431 0.016357
0.034733 -0.000025 0.053996
0.003887 -0.038058 0.065924
-0.031089 -0.014285 0.010561
-0.039691 -0.040061 0.062441
0.010480 -0.041181 0.003948
0.005530 0.034000 0.041156
0.014118 0.039728 0.002412
-0.040004 0.040991 0.052721
0.036620 -0.017148 0.020147
0.040000 -0.035295 0.061699
0.037412 0.018845 0.021518
0.036246 0.034977 0.059996
-0.021499 0.017585 0.000264
-0.019611 -0.024025 0.040925
0.008180 -0.054000 0.037573
-0.040003 0.022364 0.026192
0.006438 -0.017461 0.025996
-0.013873 0.004569 0.025996
-0.015459 0.053996 0.043671
-0.018230 -0.038591 0.001566
-0.016364 -0.054000 0.053685
0.015027 0.053996 0.058963
0.012751 0.008977 0.025996
0.014333 -0.017544 0.052065
-0.040001 -0.033931 0.026408
0.013715 0.053518 0.025168
-0.014304 0.006072 0.052555
0.008296 0.034021 0.074518
-0.016307 0.034000 0.059786
0.022570 -0.052617 0.057835
0.023417 -0.034000 0.032845
-0.013169 0.028952 0.025996
0.022109 -0.020201 0.000425
-0.039913 -0.053853 0.042524
0.026696 0.020294 0.043193
-0.009388 -0.016210 0.000000
0.024393 0.018249 0.001444
-0.009500 0.037826 0.001127
-0.039993 0.053684 0.032910
-0.040002 -0.000781 0.026890
0.031814 -0.038294 0.011923
0.000272 -0.034001 0.044093
-0.018239 -0.034222 0.065955
